0.0227849
    0.999847   -0.0175083 -0.000714645   0.00439106
   0.0175076     0.999846 -0.000981897   0.00411524
 0.000731796  0.000969172     0.999999  3.19481e-05
           0            0            0            1