0.0563397
    0.999242   -0.0389491 -0.000423261   0.00258198
   0.0389484     0.999241  -0.00158849   0.00257358
 0.000484656   0.00157083     0.999999  1.61016e-05
           0            0            0            1