0.0259303
    0.999822   -0.0188636  5.51037e-05 -0.000154846
   0.0188636     0.999822  -2.2935e-05 -0.000170052
-5.46613e-05  2.39704e-05            1 -5.43071e-05
           0            0            0            1
2.2935e-05 5.51037e-05 0.0188647