0.0139207
    0.999827   -0.0186194 -0.000291486   0.00167097
   0.0186194     0.999827 -5.28012e-05  0.000278015
 0.000292419  4.73648e-05            1  2.14238e-05
           0            0            0            1
5.28012e-05 -0.000291486 0.0186205