0.00710305
    0.999822   -0.0188608  5.09589e-05 -0.000207296
   0.0188608     0.999822 -3.32411e-05 -0.000156468
-5.03229e-05  3.41963e-05            1 -7.13901e-05
           0            0            0            1
3.32411e-05 5.09589e-05 0.0188619