0.118837
    0.999839   -0.0179615  0.000240088  -0.00159164
   0.0179616     0.999839  -0.00040768   0.00255816
-0.000232756  0.000411986            1 -1.81198e-05
           0            0            0            1