0.00791105
    0.999822   -0.0188623  2.00271e-05 -0.000213485
   0.0188623     0.999822 -5.39142e-05 -0.000121796
-1.90066e-05  5.42824e-05            1  -9.0448e-05
           0            0            0            1
5.39142e-05 2.00271e-05 0.0188635