0.0423186
    0.999822    -0.018867 -3.65567e-05   0.00022789
    0.018867     0.999822  9.14813e-05  3.26518e-05
 3.48243e-05 -9.21548e-05            1  3.91194e-05
           0            0            0            1
3.1415 -3.14156 -3.12272