0.0123111
    0.999822   -0.0188651  1.68042e-05  4.45219e-05
   0.0188651     0.999822  0.000167026  9.65037e-05
-1.99521e-05 -0.000166679            1  1.57364e-06
           0            0            0            1
3.14143 3.14158 -3.12273