0.0616624
    0.999994   -0.0033693  -0.00119618  -0.00275867
  0.00337031     0.999994  0.000562012  -0.00410709
  0.00119427 -0.000566006     0.999999  -0.00198698
           0            0            0            1