0.00668234
    0.999834   -0.0182043 -0.000648836   0.00386443
   0.0182042     0.999834 -0.000179522   0.00100787
 0.000651996  0.000167681            1 -0.000111547
           0            0            0            1
0.000179522 -0.000648836 0.0182053