0.0245856
    0.999822   -0.0188641  8.09654e-06   4.2002e-05
   0.0188641     0.999822  -7.3296e-06 -7.27207e-05
-7.95683e-06  7.48103e-06            1  2.08594e-05
           0            0            0            1
7.3296e-06 8.09654e-06 0.0188652