0.0140105
    0.999829   -0.0184626 -0.000446372   0.00261997
   0.0184626      0.99983 -7.56136e-05  0.000413143
 0.000447692  6.73595e-05            1  7.15394e-06
           0            0            0            1
7.56136e-05 -0.000446372 0.0184637