0.00853502
    0.999829   -0.0185076 -0.000304825   0.00201889
   0.0185075     0.999829 -0.000169304  0.000997826
 0.000307906  0.000163634            1 -0.000114663
           0            0            0            1
0.000169304 -0.000304825 0.0185086