0.00894299
     0.99983   -0.0184248  -0.00037208   0.00248336
   0.0184248      0.99983 -0.000114878  0.000751928
 0.000374134  0.000108003            1 -8.83056e-05
           0            0            0            1
0.000114878 -0.00037208 0.0184258