0.00620974
    0.999822   -0.0188607  4.24208e-05 -0.000284844
   0.0188607     0.999822 -3.71694e-05 -3.56722e-05
-4.17123e-05  3.79629e-05            1 -0.000124278
           0            0            0            1
3.71694e-05 4.24208e-05 0.0188618