0.00790044
    0.999826   -0.0186672 -0.000123545  0.000883071
   0.0186672     0.999826  0.000164189 -0.000703698
 0.000120459 -0.000166466            1 -3.58538e-05
           0            0            0            1
3.14143 -3.14147 -3.12292