0.00871557
    0.999822   -0.0188682 -3.46603e-05  0.000121811
   0.0188682     0.999822 -4.11116e-06 -2.05212e-05
 3.47317e-05  3.45645e-06            1 -4.91041e-06
           0            0            0            1
4.11116e-06 -3.46603e-05 0.0188694