0.00956253
    0.999822   -0.0188658  3.63017e-05 -5.49412e-05
   0.0188658     0.999822 -2.39595e-05  -8.6571e-05
-3.58432e-05  2.46401e-05            1  1.42831e-05
           0            0            0            1
2.39595e-05 3.63017e-05 0.0188669