0.0417684
    0.999834   -0.0182391   8.9258e-05  -0.00121593
   0.0182391     0.999834 -3.75668e-05   0.00165279
-8.86023e-05  3.91949e-05            1 -1.16825e-05
           0            0            0            1