0.00852191
    0.999829   -0.0184713 -0.000353499    0.0023444
   0.0184713     0.999829 -2.55565e-05  0.000362362
 0.000353911  1.90225e-05            1  -9.0013e-05
           0            0            0            1
2.55565e-05 -0.000353499 0.0184724