0.0100205
    0.999822   -0.0188644  1.87271e-05 -5.19165e-05
   0.0188644     0.999822  -3.9772e-05 -0.000163531
-1.79735e-05  4.01182e-05            1 -9.32255e-05
           0            0            0            1
3.9772e-05 1.87271e-05 0.0188655