0.0412954
    0.999808   -0.0195712 -0.000283062   0.00131699
   0.0195713     0.999809  0.000551165  -0.00178451
  0.00027214 -0.000556578            1 -2.43187e-05
           0            0            0            1