0.00674003
    0.999839    -0.017915 -0.000616223   0.00318577
   0.0179152      0.99984  0.000208497  1.60038e-05
 0.000612423 -0.000219643            1  6.84261e-05
           0            0            0            1