0.00758038
    0.999822   -0.0188649  1.79332e-05 -0.000162495
   0.0188649     0.999822 -0.000121812  4.00164e-05
 -1.5632e-05  0.000122129            1  4.41711e-05
           0            0            0            1
0.000121812 1.79332e-05 0.018866