0.0113848
    0.999288   -0.0377239 -1.70773e-05  0.000136597
   0.0377239     0.999288 -4.22921e-05 -2.01647e-05
 1.86606e-05  4.16178e-05            1 -0.000152185
           0            0            0            1
4.22921e-05 -1.70773e-05 0.0377328