0.00784673
    0.999831   -0.0183863  5.44637e-05 -0.000916775
   0.0183863     0.999831  0.000461588  -0.00161693
-6.29798e-05 -0.000460433            1 -4.55379e-05
           0            0            0            1