0.00701473
    0.999822   -0.0188611  7.83611e-06 -0.000302566
   0.0188611     0.999822 -1.98715e-05 -0.000105681
-7.45992e-06  2.00158e-05            1 -0.000252835
           0            0            0            1
1.98715e-05 7.83611e-06 0.0188622