0.00530558
    0.999822   -0.0188626  2.60959e-05 -0.000105529
   0.0188626     0.999822  6.00892e-05 -0.000194471
-2.72247e-05 -5.95863e-05            1 -0.000153234
           0            0            0            1
3.14153 3.14157 -3.12273