0.00793675
    0.999822   -0.0188636   2.0303e-05 -0.000101225
   0.0188636     0.999822  4.09075e-05 -0.000110947
 -2.1071e-05 -4.05172e-05            1 -7.96325e-05
           0            0            0            1
3.14155 3.14157 -3.12273