0.0099467
    0.999822   -0.0188635  2.59612e-05 -3.26435e-05
   0.0188635     0.999822 -7.50425e-06 -0.000125673
 -2.5815e-05  7.99264e-06            1 -6.47106e-05
           0            0            0            1
7.50425e-06 2.59612e-05 0.0188646