0.00631943
    0.999822   -0.0188663  -1.4597e-05  3.72729e-05
   0.0188663     0.999822 -2.04335e-05 -6.65235e-06
 1.49799e-05  2.01545e-05            1 -6.67865e-05
           0            0            0            1
2.04335e-05 -1.4597e-05 0.0188674