0.00785141
    0.999832   -0.0183635  7.41631e-05  -0.00119626
   0.0183635     0.999832  0.000389542  -0.00117085
-8.13305e-05 -0.000388121            1 -4.05312e-05
           0            0            0            1