0.0224109
    0.999822   -0.0188644  1.64627e-05 -7.54896e-05
   0.0188644     0.999822 -3.44151e-05 -0.000139104
-1.58106e-05  3.47195e-05            1 -7.15978e-05
           0            0            0            1
3.44151e-05 1.64627e-05 0.0188655