0.00786755
    0.999832     -0.01832 -0.000495827   0.00308188
   0.0183199     0.999832 -0.000163853  0.000799864
 0.000498746  0.000154742            1 -6.74779e-05
           0            0            0            1
0.000163853 -0.000495827 0.018321