0.00775545
    0.999831   -0.0183981   -0.0003752   0.00252232
   0.0183979     0.999831 -0.000288208   0.00133022
 0.000380439  0.000281256            1 -6.21463e-06
           0            0            0            1
0.000288208 -0.0003752 0.0183991