0.0328725
    0.999822   -0.0188643 -1.91549e-05  0.000141765
   0.0188643     0.999822  1.80637e-05 -9.69956e-05
 1.88107e-05 -1.84218e-05            1 -5.38938e-07
           0            0            0            1
3.14157 -3.14157 -3.12273