0.0105541
    0.999826   -0.0186433 -0.000181839   0.00121129
   0.0186434     0.999826   0.00032758 -0.000886438
   0.0001757 -0.000330914            1 -2.76532e-06
           0            0            0            1
3.14127 -3.14141 -3.12295