0.0382502
    0.999822   -0.0188636  4.97904e-05 -0.000196716
   0.0188636     0.999822 -6.32665e-05 -4.51375e-05
-4.85881e-05  6.41944e-05            1 -3.54247e-05
           0            0            0            1
6.32665e-05 4.97904e-05 0.0188647