0.0145855
    0.999822   -0.0188618  5.13903e-05  -9.2649e-05
   0.0188618     0.999822 -1.35887e-05 -6.24974e-05
-5.11248e-05  1.45556e-05            1  6.37955e-07
           0            0            0            1
1.35887e-05 5.13903e-05 0.0188629