0.00672471
    0.999838   -0.0179712 -0.000589654   0.00304268
    0.017971     0.999838  0.000237793 -0.000154041
 0.000585318 -0.000248402            1  7.08103e-05
           0            0            0            1