0.0111456
    0.999822   -0.0188653  1.91232e-06   2.7395e-05
   0.0188653     0.999822 -4.79141e-06 -0.000124117
-1.82158e-06  4.82663e-06            1   -3.255e-05
           0            0            0            1
4.79141e-06 1.91232e-06 0.0188664