0.0417676
    0.999834   -0.0182232  9.86755e-05  -0.00122808
   0.0182232     0.999834 -6.26612e-05   0.00172795
-9.74983e-05  6.44578e-05            1 -8.10623e-06
           0            0            0            1