0.00602539
    0.999822   -0.0188635   2.6481e-05 -5.58739e-05
   0.0188635     0.999822  0.000111411  8.43415e-05
-2.85779e-05 -0.000110892            1  2.54144e-05
           0            0            0            1
3.14148 3.14157 -3.12273