0.033434
    0.999822   -0.0188642  1.52222e-05 -8.81914e-05
   0.0188642     0.999822   5.2498e-05  0.000123784
-1.62098e-05 -5.22015e-05            1  7.88633e-06
           0            0            0            1
3.14154 3.14158 -3.12273