0.0118283
    0.999822   -0.0188638  3.37369e-05 -4.54524e-05
   0.0188638     0.999822 -4.87933e-05  3.60144e-05
-3.28105e-05   4.9421e-05            1  6.18877e-05
           0            0            0            1
4.87933e-05 3.37369e-05 0.0188649