0.0159641
    0.999831    -0.018355 -0.000418489   0.00278481
   0.0183549     0.999832  -0.00021126   0.00113157
 0.000422297  0.000203543            1 -0.000140837
           0            0            0            1
0.00021126 -0.000418489 0.0183561