0.0099923
    0.999831   -0.0183626  -0.00048107   0.00304803
   0.0183626     0.999831  6.65693e-06  7.36448e-05
 0.000480867 -1.54895e-05            1 -2.28866e-05
           0            0            0            1
3.14159 -3.14111 -3.12323