0.0251419
    0.999822   -0.0188667 -2.11493e-05  8.73541e-05
   0.0188667     0.999822 -1.73674e-05 -0.000149621
 2.14732e-05  1.69653e-05            1 -6.70441e-06
           0            0            0            1
1.73674e-05 -2.11493e-05 0.0188679