0.0318126
    0.999822    -0.018868 -5.45951e-05  0.000176496
    0.018868     0.999822  2.13648e-05 -0.000133946
 5.41823e-05 -2.23911e-05            1 -8.35817e-06
           0            0            0            1
3.14157 -3.14154 -3.12272