0.0272405
     0.99983   -0.0184113 -0.000463857   0.00283084
   0.0184113      0.99983  9.03672e-06  3.48334e-06
 0.000463612 -1.75754e-05            1 -3.66109e-06
           0            0            0            1
3.14158 -3.14113 -3.12318