0.0129077
    0.999822   -0.0188671 -3.49812e-05  0.000178771
   0.0188671     0.999822 -2.68063e-05  3.05826e-05
 3.54807e-05  2.61415e-05            1  5.84666e-05
           0            0            0            1
2.68063e-05 -3.49812e-05 0.0188682