0.031344
    0.999822   -0.0188663 -2.23239e-05  8.93058e-05
   0.0188663     0.999822  9.26645e-06 -0.000151674
 2.21451e-05 -9.68597e-06            1 -8.05161e-06
           0            0            0            1
3.14158 -3.14157 -3.12273