0.0155436
    0.999832    -0.018294 -0.000580175   0.00354085
   0.0182939     0.999833 -0.000214086   0.00109724
 0.000583994  0.000203436            1  8.45057e-06
           0            0            0            1
0.000214086 -0.000580175 0.018295