0.019664
    0.999822   -0.0188665 -1.90487e-05  8.78862e-05
   0.0188665     0.999822 -1.87255e-05 -0.000147759
 1.93986e-05  1.83628e-05            1  -7.6754e-06
           0            0            0            1
1.87255e-05 -1.90487e-05 0.0188676