0.0112119
    0.999822   -0.0188639 -5.72473e-06  3.90288e-05
   0.0188639     0.999822  4.20548e-05 -0.000175933
 4.93039e-06 -4.21553e-05            1 -4.32355e-05
           0            0            0            1
3.14155 -3.14159 -3.12273