0.021602
    0.999827    -0.018613 -0.000271143   0.00163235
    0.018613     0.999827  1.60806e-06  3.75281e-05
 0.000271066 -6.65455e-06            1 -5.73077e-07
           0            0            0            1
3.14159 -3.14132 -3.12298