0.007845
    0.999831   -0.0184173  7.74115e-05  -0.00114749
   0.0184173      0.99983  0.000399798    -0.001219
-8.47504e-05 -0.000398317            1 -4.33922e-05
           0            0            0            1