0.028391
    0.999829   -0.0184907 -0.000371137   0.00230493
   0.0184908     0.999829  0.000246867 -0.000919214
 0.000366509 -0.000253687            1 -3.63428e-05
           0            0            0            1
3.14135 -3.14122 -3.1231