0.0250599
    0.999833   -0.0182558 -0.000616943   0.00376074
   0.0182558     0.999833  2.02402e-05 -4.97274e-06
  0.00061647 -3.14996e-05            1   1.2131e-06
           0            0            0            1
3.14157 -3.14098 -3.12334