0.0781496
    0.999827   -0.0185918 -0.000277681   0.00169366
   0.0185917     0.999827 -0.000132373  0.000754187
 0.000280094  0.000127187            1 -6.70271e-06
           0            0            0            1
0.000132373 -0.000277681 0.0185928