0.0316978
    0.999822   -0.0188661 -2.43538e-05  0.000100127
   0.0188661     0.999822  2.01975e-05 -0.000123002
 2.39684e-05 -2.06533e-05            1 -2.15164e-06
           0            0            0            1
3.14157 -3.14157 -3.12273