0.00678597
    0.999842   -0.0177775 -0.000674337   0.00356314
   0.0177777     0.999842  0.000236571 -0.000175871
 0.000670061 -0.000248581            1  7.41482e-05
           0            0            0            1