0.0193038
    0.999822   -0.0188653 -1.69122e-05  0.000108433
   0.0188653     0.999822  5.62945e-05 -0.000121633
 1.58471e-05 -5.66035e-05            1  2.91756e-05
           0            0            0            1
3.14154 -3.14158 -3.12273