0.041689
     0.99983   -0.0184276  5.58048e-05 -0.000907175
   0.0184276      0.99983 -1.64621e-05   0.00133955
-5.55515e-05  1.75349e-05            1 -9.77516e-06
           0            0            0            1