0.0217432
    0.999822    -0.018866  -2.5249e-05  9.51738e-05
    0.018866     0.999822  1.62796e-05 -9.73155e-05
 2.49373e-05  -1.6753e-05            1  2.03722e-09
           0            0            0            1
3.14158 -3.14157 -3.12273