0.0459275
    0.999831   -0.0183672 -0.000512082   0.00313518
   0.0183673     0.999831  0.000106375 -0.000462347
 0.000510041 -0.000115762            1   8.9223e-06
           0            0            0            1
3.14149 -3.14108 -3.12322