0.0185722
    0.999828   -0.0185177 -0.000354566   0.00215569
   0.0185177     0.999829 -1.57136e-06  5.84636e-05
 0.000354535 -4.99466e-06            1 -8.61082e-06
           0            0            0            1
1.57136e-06 -0.000354566 0.0185188