0.0135162
    0.999822    -0.018866 -2.53435e-05  9.87189e-05
    0.018866     0.999822  1.34798e-05 -9.88975e-05
 2.50847e-05 -1.39555e-05            1  4.55813e-07
           0            0            0            1
3.14158 -3.14157 -3.12273