0.0173673
    0.999822   -0.0188671 -2.54863e-05  0.000101562
   0.0188671     0.999822  1.92725e-05 -0.000125851
 2.51182e-05   -1.975e-05            1 -1.70293e-06
           0            0            0            1
3.14157 -3.14157 -3.12272