0.0127388
    0.999822    -0.018866 -2.60542e-05  0.000101895
    0.018866     0.999822  1.43468e-05 -9.81923e-05
 2.57789e-05 -1.48358e-05            1   1.5398e-06
           0            0            0            1
3.14158 -3.14157 -3.12273