0.0171824
    0.999828   -0.0185476 -0.000326338   0.00198335
   0.0185476     0.999828 -8.68569e-06  0.000105367
 0.000326443   2.6314e-06            1 -8.26233e-06
           0            0            0            1
8.68569e-06 -0.000326338 0.0185487