0.0507435
    0.999822   -0.0188667 -2.65691e-05  0.000115447
   0.0188667     0.999822   1.6715e-05 -9.78516e-05
  2.6249e-05 -1.72133e-05            1  4.40468e-06
           0            0            0            1
3.14158 -3.14157 -3.12272