0.049503
    0.999822   -0.0188658 -2.51548e-05  0.000101932
   0.0188658     0.999822  1.57216e-05 -9.58327e-05
 2.48537e-05 -1.61933e-05            1  1.41725e-06
           0            0            0            1
3.14158 -3.14157 -3.12273