0.0654354
    0.999822   -0.0188667  -2.6443e-05  0.000117123
   0.0188667     0.999822  1.63473e-05 -9.63942e-05
 2.61299e-05 -1.68433e-05            1  4.36933e-06
           0            0            0            1
3.14158 -3.14157 -3.12272