0.0126176
    0.999822   -0.0188706 -7.94989e-05  0.000243943
   0.0188706     0.999822 -5.95554e-06 -4.88713e-05
 7.95971e-05  4.45428e-06            1  3.87022e-05
           0            0            0            1
5.95554e-06 -7.94989e-05 0.0188718