0.0197218
    0.999833   -0.0182893 -0.000565725   0.00346881
   0.0182893     0.999833  2.07401e-05 -3.34981e-05
 0.000565251 -3.10833e-05            1 -1.79005e-05
           0            0            0            1
3.14157 -3.14103 -3.1233