0.0391353
    0.999828    -0.018529 -0.000341443   0.00207121
   0.0185289     0.999828 -2.06159e-05  0.000182397
 0.000341766  1.42858e-05            1 -9.94752e-06
           0            0            0            1
2.06159e-05 -0.000341443 0.01853