0.01802
    0.999822   -0.0188656 -2.79884e-05  0.000134493
   0.0188656     0.999822   5.5961e-05 -7.65738e-05
 2.69277e-05 -5.64791e-05            1  1.11477e-05
           0            0            0            1
3.14154 -3.14156 -3.12273