0.0181169
    0.999829   -0.0185118 -0.000353915   0.00215069
   0.0185118     0.999829 -4.82111e-05  0.000344505
 0.000354747  4.16512e-05            1 -1.93512e-06
           0            0            0            1
4.82111e-05 -0.000353915 0.0185128