0.22787
    0.999822    -0.018866 -2.48914e-05  0.000123327
    0.018866     0.999822  5.37109e-05 -9.12519e-05
 2.38737e-05 -5.41709e-05            1  4.11462e-06
           0            0            0            1
3.14154 -3.14157 -3.12273