0.02877
    0.999822   -0.0188635  6.23579e-06  4.87894e-05
   0.0188635     0.999822   0.00012752 -0.000277667
-8.64016e-06  -0.00012738            1 -0.000120055
           0            0            0            1
3.14147 3.14159 -3.12273