0.00939558
    0.999822   -0.0188657 -2.55182e-05  0.000107699
   0.0188657     0.999822  5.87119e-05 -7.20964e-05
  2.4406e-05 -5.91828e-05            1  3.90581e-05
           0            0            0            1
3.14153 -3.14157 -3.12273