0.0166725
    0.999831   -0.0183678 -0.000504039   0.00309166
   0.0183677     0.999831 -0.000152195  0.000898357
  0.00050675  0.000142911            1  -8.7051e-06
           0            0            0            1
0.000152195 -0.000504039 0.0183688