0.0262321
    0.999822   -0.0188665 -2.54911e-05  0.000101984
   0.0188665     0.999822  1.97844e-05 -0.000126841
 2.51133e-05 -2.02618e-05            1 -1.50588e-06
           0            0            0            1
3.14157 -3.14157 -3.12273