0.108513
    0.999822   -0.0188649 -2.63032e-05  0.000106999
   0.0188649     0.999822  1.19577e-05 -8.30025e-05
 2.60729e-05 -1.24518e-05            1  5.46261e-06
           0            0            0            1
3.14158 -3.14157 -3.12273