0.0215938
    0.999833   -0.0182458 -0.000627713   0.00383242
   0.0182458     0.999834  2.42876e-05 -7.43475e-05
 0.000627165 -3.57367e-05            1 -8.09329e-06
           0            0            0            1
3.14157 -3.14096 -3.12335