0.0461346
    0.999822   -0.0188664 -3.08113e-05  0.000126589
   0.0188664     0.999822  2.92888e-05 -8.75184e-05
 3.02532e-05 -2.98648e-05            1  9.24268e-06
           0            0            0            1
3.14156 -3.14156 -3.12273