0.052484
    0.999822    -0.018866 -2.53505e-05  0.000115256
    0.018866     0.999822 -1.26409e-05  -0.00011581
 2.55844e-05  1.21603e-05            1 -2.96519e-05
           0            0            0            1
1.26409e-05 -2.53505e-05 0.0188671