0.0417433
    0.999833   -0.0182733  7.66665e-05  -0.00117521
   0.0182732     0.999833 -1.42083e-05   0.00145795
-7.62939e-05  1.54879e-05            1 -1.28746e-05
           0            0            0            1