0.0215323
    0.999822   -0.0188649 -2.35307e-05  0.000121957
   0.0188649     0.999822  2.95993e-05 -0.000131379
 2.29681e-05  -3.0038e-05            1  1.78968e-05
           0            0            0            1
3.14156 -3.14157 -3.12273