0.0681719
    0.999829   -0.0184982 -0.000372434   0.00229847
   0.0184983     0.999829  0.000181976 -0.000812343
 0.000369004 -0.000188834            1  6.64673e-05
           0            0            0            1
3.14141 -3.14122 -3.12309