0.0298924
    0.999822   -0.0188644 -1.05267e-05  4.78062e-05
   0.0188644     0.999822  4.46601e-05 -0.000150253
 9.68237e-06 -4.48507e-05            1 -3.45769e-05
           0            0            0            1
3.14155 -3.14158 -3.12273