0.114158
    0.999822   -0.0188647 -1.00556e-05  8.73263e-05
   0.0188647     0.999822  2.11908e-05 -0.000135101
 9.65403e-06 -2.13767e-05            1 -1.81266e-05
           0            0            0            1
3.14157 -3.14158 -3.12273