0.0156319
    0.999822   -0.0188652 -2.52165e-05  9.71368e-05
   0.0188652     0.999822  1.65066e-05 -9.80652e-05
 2.49006e-05 -1.69794e-05            1  9.12906e-07
           0            0            0            1
3.14158 -3.14157 -3.12273