0.0435639
    0.999822   -0.0188668 -2.50688e-05  9.82388e-05
   0.0188668     0.999822  2.05266e-05 -0.000132458
 2.46771e-05 -2.09959e-05            1 -4.03089e-06
           0            0            0            1
3.14157 -3.14157 -3.12272