0.0265177
    0.999829   -0.0184837 -0.000374927   0.00229342
   0.0184837     0.999829 -1.40377e-05  0.000131336
 0.000375123  7.10524e-06            1  2.71646e-05
           0            0            0            1
1.40377e-05 -0.000374927 0.0184847