0.0241705
    0.999822   -0.0188667  -2.9772e-05  0.000116373
   0.0188667     0.999822  3.65558e-05 -0.000117887
  2.9077e-05  -3.7111e-05            1  4.32295e-06
           0            0            0            1
3.14156 -3.14156 -3.12272