0.0388668
    0.999822   -0.0188624  3.03415e-05 -1.67627e-05
   0.0188624     0.999822 -1.16801e-05 -4.86774e-05
-3.01158e-05  1.22503e-05            1  3.84563e-05
           0            0            0            1
1.16801e-05 3.03415e-05 0.0188635