0.0203983
    0.999832   -0.0183373 -0.000523487   0.00320726
   0.0183373     0.999832  5.26922e-06  5.45047e-06
 0.000523303 -1.48677e-05            1  6.91765e-07
           0            0            0            1
3.14159 -3.14107 -3.12325