0.0184102
    0.999822   -0.0188666 -2.70892e-05  9.36758e-05
   0.0188666     0.999822 -1.89144e-05 -2.74638e-05
 2.74413e-05     1.84e-05            1  5.23039e-05
           0            0            0            1
1.89144e-05 -2.70892e-05 0.0188677