0.079071
    0.999828   -0.0185471  -0.00032259   0.00196423
   0.0185471     0.999828  1.55096e-06  3.56625e-05
 0.000322505 -7.53378e-06            1  -8.2493e-06
           0            0            0            1
3.14159 -3.14127 -3.12304