0.0485424
    0.999822   -0.0188655 -2.50836e-05  0.000100283
   0.0188655     0.999822  1.56963e-05 -9.92792e-05
  2.4783e-05 -1.61667e-05            1  1.70754e-06
           0            0            0            1
3.14158 -3.14157 -3.12273