0.055402
    0.999822   -0.0188655  -2.1446e-05  8.35367e-05
   0.0188655     0.999822 -3.24582e-05 -0.000156649
 2.20546e-05  3.20479e-05            1 -4.28228e-05
           0            0            0            1
3.24582e-05 -2.1446e-05 0.0188667