0.0784883
    0.999832   -0.0183454 -0.000521954   0.00319841
   0.0183454     0.999832 -1.60583e-06  7.47869e-05
 0.000521896 -7.96989e-06            1 -5.89565e-06
           0            0            0            1
1.60583e-06 -0.000521954 0.0183464