0.0160399
    0.999832   -0.0183359 -0.000530171   0.00323747
   0.0183359     0.999832 -0.000123499  0.000694039
 0.000532347  0.000113757            1  1.21423e-06
           0            0            0            1
0.000123499 -0.000530171 0.018337