0.0153758
    0.999832   -0.0183115 -0.000525253   0.00328159
   0.0183114     0.999832 -8.61921e-05  0.000528974
 0.000526743  7.65595e-05            1 -1.69823e-06
           0            0            0            1
8.61921e-05 -0.000525253 0.0183125