0.0832058
    0.999822   -0.0188659 -2.38047e-05  0.000119394
   0.0188659     0.999822  7.74815e-06 -0.000106015
 2.36543e-05 -8.19587e-06            1   3.2619e-06
           0            0            0            1
3.14158 -3.14157 -3.12273