0.0351832
    0.999822    -0.018866 -2.26627e-05  0.000123072
    0.018866     0.999822  8.72893e-05 -5.20261e-05
 2.10119e-05 -8.77013e-05            1  4.57223e-05
           0            0            0            1
3.14151 -3.14157 -3.12273