0.0773253
    0.999822   -0.0188651   2.6113e-05 -1.47535e-05
   0.0188651     0.999822 -2.12671e-05 -3.63564e-05
-2.57072e-05   2.1756e-05            1  5.56666e-05
           0            0            0            1
2.12671e-05 2.6113e-05 0.0188662