0.0749122
    0.999822   -0.0188667 -2.71872e-05  0.000104191
   0.0188667     0.999822  2.60147e-05 -0.000122048
 2.66915e-05  -2.6523e-05            1  1.39696e-06
           0            0            0            1
3.14157 -3.14157 -3.12272