0.00673584
    0.999839   -0.0179363 -0.000562876   0.00292207
   0.0179363     0.999839  0.000257313 -0.000303701
 0.000558227 -0.000267476            1  6.58035e-05
           0            0            0            1