0.028938
    0.999822   -0.0188662 -2.59477e-05  0.000104878
   0.0188662     0.999822  1.80403e-05 -0.000126004
 2.56027e-05 -1.85266e-05            1  3.38646e-07
           0            0            0            1
3.14157 -3.14157 -3.12273