0.0109703
    0.999822    -0.018862   2.9499e-05 -3.35258e-05
    0.018862     0.999822  0.000126006 -0.000327722
-3.18705e-05 -0.000125428            1 -0.000124202
           0            0            0            1
3.14147 3.14156 -3.12273