0.0497878
    0.999822   -0.0188666 -2.49339e-05  0.000112113
   0.0188666     0.999822 -1.52313e-05 -0.000111262
 2.52168e-05  1.47582e-05            1 -2.96756e-05
           0            0            0            1
1.52313e-05 -2.49339e-05 0.0188677