0.0160892
    0.999822   -0.0188652 -2.45389e-05  0.000116762
   0.0188652     0.999822  4.76265e-05 -5.07539e-05
  2.3636e-05 -4.80809e-05            1   4.9071e-05
           0            0            0            1
3.14155 -3.14157 -3.12273