0.0220881
    0.999822   -0.0188662 -3.07849e-05  0.000132071
   0.0188662     0.999822  5.79916e-05 -9.04832e-05
 2.96853e-05 -5.85621e-05            1 -8.37459e-07
           0            0            0            1
3.14153 -3.14156 -3.12273