0.0331287
    0.999828   -0.0185457 -0.000320336   0.00194488
   0.0185457     0.999828 -5.02247e-05  0.000367459
 0.000321212  4.42752e-05            1 -7.10458e-06
           0            0            0            1
5.02247e-05 -0.000320336 0.0185468