0.0147626
    0.999822    -0.018866 -1.46198e-05  6.03395e-05
    0.018866     0.999822 -5.89682e-05 -4.87542e-05
 1.57297e-05  5.86819e-05            1  4.28345e-05
           0            0            0            1
5.89682e-05 -1.46198e-05 0.0188672