0.0116569
    0.999822   -0.0188662 -2.58876e-05  0.000100845
   0.0188662     0.999822  1.39895e-05 -9.88113e-05
 2.56191e-05 -1.44754e-05            1  1.40415e-06
           0            0            0            1
3.14158 -3.14157 -3.12273