0.00902324
    0.999832   -0.0183334 -0.000538739   0.00331469
   0.0183334     0.999832 -4.43005e-05  0.000246804
 0.000539461  3.44161e-05            1  9.66143e-05
           0            0            0            1
4.43005e-05 -0.000538739 0.0183345