0.0131603
    0.999822   -0.0188653 -4.02008e-06  7.35971e-05
   0.0188653     0.999822  5.37005e-05 -0.000130515
 3.00629e-06 -5.37667e-05            1 -2.92135e-05
           0            0            0            1
3.14154 -3.14159 -3.12273