0.0232353
    0.999822   -0.0188666 -2.60342e-05  0.000107022
   0.0188666     0.999822  1.84147e-05 -0.000125554
 2.56821e-05 -1.89026e-05            1  5.44218e-07
           0            0            0            1
3.14157 -3.14157 -3.12272