0.0446483
    0.999822   -0.0188663 -6.86776e-06  7.31916e-05
   0.0188663     0.999822  4.95789e-05 -6.76707e-05
 5.93116e-06 -4.96997e-05            1  1.43482e-05
           0            0            0            1
3.14154 -3.14159 -3.12273