0.0477614
    0.999827   -0.0186167 -0.000256647   0.00154709
   0.0186167     0.999827  9.36308e-05 -0.000394586
  0.00025486 -9.83925e-05            1  3.29787e-06
           0            0            0            1
3.1415 -3.14134 -3.12297