0.0503977
    0.999822   -0.0188652 -2.44286e-05  9.84162e-05
   0.0188652     0.999822  1.53844e-05 -9.65417e-05
 2.41341e-05 -1.58426e-05            1  1.02967e-06
           0            0            0            1
3.14158 -3.14157 -3.12273