0.0258948
    0.999822    -0.018866 -2.54646e-05  9.88007e-05
    0.018866     0.999822  1.91681e-05 -0.000126395
 2.50984e-05 -1.96451e-05            1 -1.34841e-06
           0            0            0            1
3.14157 -3.14157 -3.12273