0.0234027
    0.999822   -0.0188659 -2.58756e-05  0.000105596
   0.0188659     0.999822  1.42886e-05 -9.87537e-05
 2.56014e-05 -1.47742e-05            1  2.35307e-06
           0            0            0            1
3.14158 -3.14157 -3.12273