0.0225831
    0.999822   -0.0188666  -2.3887e-05  9.47305e-05
   0.0188666     0.999822  1.75033e-05 -0.000125781
 2.35525e-05 -1.79509e-05            1 -2.61215e-06
           0            0            0            1
3.14158 -3.14157 -3.12272