0.0838691
    0.999822   -0.0188657 -2.52394e-05  9.45748e-05
   0.0188657     0.999822  1.17656e-05 -8.79267e-05
 2.50129e-05 -1.22397e-05            1  6.48315e-06
           0            0            0            1
3.14158 -3.14157 -3.12273