0.0400227
    0.999829   -0.0184892 -0.000389491    0.0023585
   0.0184893     0.999829  1.40561e-05 -3.78044e-05
 0.000389165  -2.1255e-05            1 -3.93109e-07
           0            0            0            1
3.14158 -3.1412 -3.1231