0.0456954
    0.999822   -0.0188659 -2.59361e-05  0.000114971
   0.0188659     0.999822  1.89711e-05 -0.000123726
 2.55735e-05 -1.94571e-05            1  1.20441e-06
           0            0            0            1
3.14157 -3.14157 -3.12273