0.0227158
    0.999822   -0.0188667 -3.16644e-05  0.000154452
   0.0188667     0.999822  7.07073e-05 -0.000120596
 3.03248e-05 -7.12921e-05            1  9.06271e-06
           0            0            0            1
3.14152 -3.14156 -3.12272