0.00947055
    0.999826   -0.0186463  -0.00020024   0.00135681
   0.0186463     0.999826  3.39105e-05  3.93932e-05
 0.000199573 -3.76383e-05            1 -7.27814e-05
           0            0            0            1
3.14156 -3.14139 -3.12295