0.0193883
    0.999829   -0.0184886 -0.000389232   0.00235629
   0.0184886     0.999829 -0.000185396  0.000976741
 0.000392594  0.000178168            1 -1.09034e-05
           0            0            0            1
0.000185396 -0.000389232 0.0184897