0.0219543
    0.999822   -0.0188655 -2.81824e-05  0.000111812
   0.0188655     0.999822  2.00843e-05 -9.87639e-05
 2.77985e-05 -2.06124e-05            1  4.71429e-06
           0            0            0            1
3.14157 -3.14156 -3.12273