0.012985
     0.99983   -0.0184534 -0.000409702   0.00252988
   0.0184534      0.99983  6.11138e-05 -0.000157256
 0.000408504 -6.86638e-05            1  1.59839e-05
           0            0            0            1
3.14153 -3.14118 -3.12314