0.0252866
    0.999822   -0.0188687 -6.30986e-05  0.000209759
   0.0188687     0.999822 -6.32027e-06 -5.08445e-05
 6.32066e-05  5.12856e-06            1  3.57315e-05
           0            0            0            1
6.32027e-06 -6.30986e-05 0.0188698