0.0183772
    0.999822   -0.0188656 -9.96033e-06  6.99539e-05
   0.0188656     0.999822  2.49149e-05 -0.000178341
 9.48852e-06 -2.50983e-05            1 -2.82107e-05
           0            0            0            1
3.14157 -3.14158 -3.12273