0.00784802
    0.999833   -0.0183076  7.66441e-05  -0.00128368
   0.0183076     0.999833  0.000389809  -0.00129913
-8.38116e-05 -0.000388309            1 -4.36306e-05
           0            0            0            1