0.0865431
    0.999822   -0.0188663 -3.16943e-05  0.000146814
   0.0188663     0.999822  3.64775e-05 -0.000117806
 3.10004e-05  -3.7069e-05            1  1.05494e-05
           0            0            0            1
3.14156 -3.14156 -3.12273