0.0099307
    0.999822   -0.0188651 -9.71692e-06  4.70004e-05
   0.0188651     0.999822  3.43216e-05  -0.00016918
 9.06771e-06 -3.44988e-05            1 -3.58442e-05
           0            0            0            1
3.14156 -3.14158 -3.12273