0.0197029
    0.999827   -0.0185863 -0.000284154   0.00174507
   0.0185864     0.999827  0.000107458 -0.000496465
 0.000282108 -0.000112721            1   2.7622e-06
           0            0            0            1
3.14149 -3.14131 -3.12301