0.0182747
    0.999832   -0.0182951 -0.000564523   0.00346349
   0.0182951     0.999833 -3.02067e-05  0.000235957
 0.000564981  1.98736e-05            1 -1.04689e-05
           0            0            0            1
3.02067e-05 -0.000564523 0.0182961