0.0645862
    0.999822   -0.0188657 -2.78355e-05  0.000109862
   0.0188657     0.999822   2.5354e-05 -9.13051e-05
 2.73522e-05 -2.58746e-05            1  4.70783e-06
           0            0            0            1
3.14157 -3.14156 -3.12273