0.00784732
    0.999832   -0.0183424  9.00179e-05  -0.00125732
   0.0183424     0.999832  0.000399614  -0.00133833
-9.73716e-05 -0.000397848            1 -4.33922e-05
           0            0            0            1