0.0141302
    0.999832   -0.0183438 -0.000511019   0.00314611
   0.0183438     0.999832 -1.62361e-05  0.000184325
 0.000511231  6.85939e-06            1  -1.9034e-05
           0            0            0            1
1.62361e-05 -0.000511019 0.0183448