0.0449065
    0.999822    -0.018866 -2.00281e-05  8.31933e-05
    0.018866     0.999822  2.68039e-05 -0.000147909
 1.95189e-05 -2.71769e-05            1 -1.40735e-05
           0            0            0            1
3.14157 -3.14157 -3.12273