0.0143908
    0.999831   -0.0183694 -0.000511067   0.00310924
   0.0183693     0.999831 -0.000109438  0.000650346
 0.000512991  0.000100032            1   4.6193e-05
           0            0            0            1
0.000109438 -0.000511067 0.0183704