0.00676963
    0.999841   -0.0178266 -0.000641972   0.00336105
   0.0178268     0.999841  0.000234783  -0.00012885
  0.00063777 -0.000246167            1  7.12872e-05
           0            0            0            1