0.0217355
    0.999822   -0.0188658   -2.366e-05  9.45449e-05
   0.0188658     0.999822   1.9258e-05 -0.000119236
 2.32925e-05  -1.9701e-05            1 -1.58506e-06
           0            0            0            1
3.14157 -3.14157 -3.12273