0.0100763
    0.999829   -0.0184625 -0.000396231   0.00247148
   0.0184626      0.99983   0.00012225 -0.000560974
 0.000393906 -0.000129545            1  1.48102e-05
           0            0            0            1
3.14147 -3.1412 -3.12313