0.0162012
    0.999822   -0.0188663 -2.97174e-05  0.000115971
   0.0188663     0.999822 -2.24992e-05 -0.000121314
 3.01366e-05  2.19346e-05            1  6.59017e-06
           0            0            0            1
2.24992e-05 -2.97174e-05 0.0188674