0.0417037
    0.999831   -0.0183907  9.47863e-05  -0.00106457
   0.0183907     0.999831 -6.43879e-05   0.00163482
-9.36836e-05  6.61369e-05            1 -8.58307e-06
           0            0            0            1