0.00787162
    0.999834   -0.0182231  0.000103533  -0.00142934
    0.018223     0.999834  0.000414845   -0.0014599
-0.000111043 -0.000412902            1 -5.05447e-05
           0            0            0            1