0.0266722
     0.99983   -0.0184096 -0.000466084   0.00284734
   0.0184096     0.999831  6.62368e-05 -0.000241579
 0.000464786  -7.4806e-05            1  2.24327e-06
           0            0            0            1
3.14153 -3.14113 -3.12318