0.0605571
     0.99983   -0.0184532 -0.000425299   0.00260717
   0.0184533      0.99983  0.000124319 -0.000559607
 0.000422932 -0.000132146            1  1.02017e-05
           0            0            0            1
3.14147 -3.14117 -3.12314