0.0198993
    0.999822   -0.0188663 -2.00367e-05  8.94105e-05
   0.0188663     0.999822 -3.38742e-06 -0.000136246
  2.0097e-05   3.0088e-06            1 -5.35854e-06
           0            0            0            1
3.38742e-06 -2.00367e-05 0.0188674