0.176479
    0.999822    -0.018866 -2.34994e-05  0.000113388
    0.018866     0.999822  4.67531e-06 -0.000101963
  2.3407e-05 -5.11781e-06            1  3.35377e-06
           0            0            0            1
3.14159 -3.14157 -3.12273