0.107995
    0.999822   -0.0188662 -2.19443e-05  0.000115633
   0.0188662     0.999822  1.79923e-05 -0.000123926
 2.16009e-05 -1.84031e-05            1  1.39114e-07
           0            0            0            1
3.14157 -3.14157 -3.12273