0.127069
    0.999822    -0.018867 -2.62004e-05  0.000109869
    0.018867     0.999822  1.96441e-05 -0.000122453
 2.58251e-05  -2.0135e-05            1  2.30389e-07
           0            0            0            1
3.14157 -3.14157 -3.12272