0.0147686
    0.999831   -0.0183582 -0.000513216   0.00313821
   0.0183582     0.999831 -0.000162049  0.000932824
 0.000516105    0.0001526            1 -6.36584e-06
           0            0            0            1
0.000162049 -0.000513216 0.0183593