0.120573
    0.999822   -0.0188673 -2.13573e-05  9.65097e-05
   0.0188673     0.999822  1.86325e-05 -0.000119633
  2.1002e-05 -1.90321e-05            1 -4.26715e-06
           0            0            0            1
3.14157 -3.14157 -3.12272