0.0669845
    0.999833   -0.0182695 -0.000593409   0.00364009
   0.0182695     0.999833 -3.18482e-05  0.000277034
 0.000593892  2.10017e-05            1 -9.10186e-06
           0            0            0            1
3.18482e-05 -0.000593409 0.0182705