0.0817626
    0.999829   -0.0184796 -0.000393435   0.00239926
   0.0184796     0.999829 -3.54843e-05  0.000290299
 0.000394024  2.82078e-05            1 -8.71945e-06
           0            0            0            1
3.54843e-05 -0.000393435 0.0184806