0.121112
    0.999822   -0.0188664 -1.98543e-05  9.37591e-05
   0.0188664     0.999822  1.49921e-06  -0.00013607
 1.98225e-05 -1.87352e-06            1 -5.84753e-06
           0            0            0            1
3.14159 -3.14157 -3.12273