0.0941979
    0.999834    -0.018191 -0.000677824   0.00414079
    0.018191     0.999835 -2.08602e-05  0.000208188
 0.000678091  8.52646e-06            1 -9.98655e-07
           0            0            0            1
2.08602e-05 -0.000677824 0.0181921