0.0311657
    0.999822   -0.0188667 -2.57043e-05  0.000106581
   0.0188667     0.999822  1.82113e-05 -0.000123057
 2.53562e-05  -1.8693e-05            1 -5.42593e-08
           0            0            0            1
3.14157 -3.14157 -3.12272