0.00671595
     0.99984   -0.0178727 -0.000626385   0.00325287
   0.0178729      0.99984  0.000221461 -4.37126e-05
 0.000622243 -0.000232637            1  6.62804e-05
           0            0            0            1