0.0660161
    0.999822   -0.0188652 -2.33443e-05  9.75549e-05
   0.0188652     0.999822  1.58692e-05 -9.65745e-05
 2.30407e-05 -1.63068e-05            1 -3.55213e-07
           0            0            0            1
3.14158 -3.14157 -3.12273