0.125971
    0.999822   -0.0188674 -2.94113e-05    0.0001231
   0.0188674     0.999822  2.00992e-05 -0.000126819
 2.90269e-05 -2.06505e-05            1  5.11465e-06
           0            0            0            1
3.14157 -3.14156 -3.12272