0.0973132
    0.999833   -0.0182684 -0.000595853   0.00365098
   0.0182683     0.999833 -3.19794e-05   0.00027298
 0.000596338  2.10888e-05            1 -5.87691e-06
           0            0            0            1
3.19794e-05 -0.000595854 0.0182694