0.0997414
    0.999822   -0.0188662 -2.54467e-05  0.000100622
   0.0188662     0.999822  1.61327e-05 -9.81948e-05
 2.51379e-05 -1.66099e-05            1  1.79868e-06
           0            0            0            1
3.14158 -3.14157 -3.12273