0.178009
    0.999822   -0.0188671 -2.13319e-05  0.000102452
   0.0188671     0.999822  2.08577e-05 -0.000123188
 2.09346e-05 -2.12565e-05            1 -4.20448e-06
           0            0            0            1
3.14157 -3.14157 -3.12272