0.0289551
    0.999822   -0.0188663 -2.51145e-05  0.000104208
   0.0188663     0.999822   1.9165e-05 -0.000122416
 2.47485e-05 -1.96354e-05            1 -1.20949e-06
           0            0            0            1
3.14157 -3.14157 -3.12273