0.0417478
    0.999833   -0.0182719  0.000105292  -0.00125352
   0.0182718     0.999833 -5.61681e-05   0.00165163
-0.000104338  5.80696e-05            1 -8.10623e-06
           0            0            0            1