0.215989
    0.999822   -0.0188664 -2.85503e-05  0.000120007
   0.0188664     0.999822 -8.85748e-06 -0.000109372
 2.87123e-05  8.31726e-06            1  6.06529e-06
           0            0            0            1
8.85748e-06 -2.85503e-05 0.0188676