0.103657
    0.999822   -0.0188673 -2.78213e-05  0.000115369
   0.0188673     0.999822  2.01919e-05 -0.000127024
 2.74354e-05 -2.07132e-05            1  3.16391e-06
           0            0            0            1
3.14157 -3.14156 -3.12272