0.0417339
    0.999832   -0.0183064  8.00639e-05  -0.00113136
   0.0183065     0.999832  -4.8148e-05   0.00162128
-7.91997e-05  4.96982e-05            1 -6.19888e-06
           0            0            0            1