0.102471
    0.999834   -0.0181901 -0.000672733   0.00411925
   0.0181901     0.999835 -2.37732e-05  0.000226195
 0.000673054  1.15322e-05            1 -7.28369e-06
           0            0            0            1
2.37732e-05 -0.000672733 0.0181912