0.104047
    0.999832   -0.0182948 -0.000579443   0.00354502
   0.0182948     0.999833 -4.67446e-05  0.000277404
 0.000580201   3.6136e-05            1 -6.95886e-06
           0            0            0            1
4.67446e-05 -0.000579443 0.0182959