0.0426085
     0.99983   -0.0184317 -0.000440105   0.00268826
   0.0184317      0.99983 -2.70028e-05  0.000237471
 0.000440528  1.88863e-05            1 -7.08378e-06
           0            0            0            1
2.70028e-05 -0.000440105 0.0184327