0.00672175
     0.99984   -0.0178738 -0.000620991   0.00324611
   0.0178739      0.99984  0.000192583  6.34864e-05
  0.00061734  -0.00020358            1  6.36578e-05
           0            0            0            1