0.101003
     0.99983   -0.0184391  -0.00043917   0.00268779
   0.0184391      0.99983  6.66058e-05 -0.000284809
 0.000437868 -7.46924e-05            1 -2.05203e-06
           0            0            0            1
3.14153 -3.14115 -3.12315