0.128282
    0.999822   -0.0188655 -2.15538e-05  0.000119244
   0.0188655     0.999822  3.88242e-05 -8.36251e-05
 2.08175e-05 -3.92239e-05            1  2.71026e-06
           0            0            0            1
3.14155 -3.14157 -3.12273