0.0634826
    0.999831    -0.018403 -0.000466165   0.00285082
   0.0184029     0.999831 -0.000132434  0.000805998
 0.000468523  0.000123833            1 -1.00774e-05
           0            0            0            1
0.000132434 -0.000466165 0.018404