0.0971248
    0.999822   -0.0188672 -2.06026e-05  0.000102891
   0.0188672     0.999822  1.71162e-05 -0.000123298
  2.0276e-05 -1.75018e-05            1 -4.34357e-06
           0            0            0            1
3.14158 -3.14157 -3.12272