0.0282959
    0.999822   -0.0188661 -2.42278e-05  9.62709e-05
   0.0188661     0.999822  1.39261e-06 -0.000140662
 2.41972e-05 -1.84945e-06            1 -3.37125e-06
           0            0            0            1
3.14159 -3.14157 -3.12273