0.0901296
    0.999822   -0.0188669 -2.09072e-05  9.54008e-05
   0.0188669     0.999822  2.23862e-05  -0.00012605
 2.04811e-05 -2.27766e-05            1 -4.67367e-06
           0            0            0            1
3.14157 -3.14157 -3.12272