0.0687885
    0.999829   -0.0184694 -0.000390408   0.00239438
   0.0184693     0.999829 -0.000105032  0.000638414
 0.000392281  9.78031e-05            1 -8.62203e-06
           0            0            0            1
0.000105032 -0.000390408 0.0184704