0.00932308
    0.999822   -0.0188664  -2.4873e-05  0.000121188
   0.0188664     0.999822 -2.26081e-05 -0.000119037
 2.52951e-05  2.21348e-05            1   3.1842e-06
           0            0            0            1
2.26081e-05 -2.4873e-05 0.0188676