0.0437234
     0.99983   -0.0184172 -0.000450979   0.00277257
   0.0184172      0.99983 -0.000117543  0.000682054
 0.000453067  0.000109218            1 -1.30862e-06
           0            0            0            1
0.000117543 -0.000450979 0.0184183