0.0611257
    0.999822    -0.018866 -2.51546e-05  0.000112267
    0.018866     0.999822  1.55777e-05 -9.72812e-05
 2.48562e-05 -1.60495e-05            1   3.6028e-06
           0            0            0            1
3.14158 -3.14157 -3.12273