0.0844374
    0.999831   -0.0183706 -0.000504348   0.00307375
   0.0183706     0.999831 -1.80531e-05   0.00018166
 0.000504595  8.78486e-06            1 -2.76233e-07
           0            0            0            1
1.80531e-05 -0.000504348 0.0183716