0.0537249
    0.999822   -0.0188665 -2.37541e-05  0.000102242
   0.0188665     0.999822  1.67239e-05 -9.87249e-05
 2.34343e-05 -1.71691e-05            1  1.86833e-06
           0            0            0            1
3.14158 -3.14157 -3.12273