0.0866823
    0.999822   -0.0188666 -2.84478e-05  0.000125428
   0.0188666     0.999822  1.71737e-05 -9.68637e-05
 2.81188e-05 -1.77073e-05            1  8.41271e-06
           0            0            0            1
3.14158 -3.14156 -3.12272