0.0876672
    0.999828   -0.0185424 -0.000321825   0.00199164
   0.0185424     0.999828  5.05757e-05 -0.000159776
 0.000320832 -5.65344e-05            1 -5.02186e-06
           0            0            0            1
3.14154 -3.14127 -3.12305