0.181947
    0.999822   -0.0188656 -2.99403e-05  0.000130311
   0.0188656     0.999822   1.0516e-05 -0.000101807
 2.97366e-05  -1.1079e-05            1  9.40234e-06
           0            0            0            1
3.14158 -3.14156 -3.12273