0.0693046
    0.999822    -0.018865 -2.25803e-05  9.53746e-05
    0.018865     0.999822  2.18758e-05  -9.4723e-05
 2.21636e-05 -2.22978e-05            1 -1.56203e-06
           0            0            0            1
3.14157 -3.14157 -3.12273