0.0493719
     0.99983   -0.0184061 -0.000467912    0.0028462
    0.018406     0.999831 -0.000173894   0.00100557
 0.000471033  0.000165252            1 -3.60928e-05
           0            0            0            1
0.000173894 -0.000467912 0.0184071