0.0789597
    0.999831   -0.0183943 -0.000481321   0.00295392
   0.0183943     0.999831  9.17157e-05 -0.000368277
 0.000479552 -0.000100554            1  7.94834e-06
           0            0            0            1
3.1415 -3.14111 -3.1232