0.00781032
    0.999831   -0.0183805  9.32589e-05   -0.0012074
   0.0183806     0.999831  0.000425112  -0.00138561
-0.000101127  -0.00042334            1 -5.00679e-05
           0            0            0            1