0.161853
    0.999822   -0.0188668 -2.14364e-05   9.5634e-05
   0.0188668     0.999822  5.16282e-06 -0.000131223
 2.13352e-05 -5.56634e-06            1 -4.34154e-06
           0            0            0            1
3.14159 -3.14157 -3.12272