0.133213
    0.999822   -0.0188665 -2.49689e-05  0.000107779
   0.0188665     0.999822  1.64787e-05 -9.67695e-05
 2.46536e-05 -1.69468e-05            1   3.0233e-06
           0            0            0            1
3.14158 -3.14157 -3.12272