0.171249
    0.999822   -0.0188662 -1.88392e-05  0.000101713
   0.0188662     0.999822  3.75586e-05 -8.33151e-05
 1.81273e-05 -3.79074e-05            1 -1.02986e-06
           0            0            0            1
3.14156 -3.14157 -3.12273