0.0363933
    0.999822   -0.0188653 -2.39793e-05  0.000103479
   0.0188653     0.999822  1.57918e-05 -9.66416e-05
 2.36772e-05 -1.62414e-05            1  1.31322e-06
           0            0            0            1
3.14158 -3.14157 -3.12273