0.0299777
    0.999822   -0.0188661  -2.7103e-05  0.000138444
   0.0188661     0.999822  4.98346e-05 -0.000132257
  2.6158e-05  -5.0337e-05            1  5.09004e-06
           0            0            0            1
3.14154 -3.14157 -3.12273