0.0905828
    0.999822    -0.018867 -2.31284e-05  9.83357e-05
    0.018867     0.999822  1.92653e-05 -0.000123645
 2.27608e-05 -1.96982e-05            1 -2.70383e-06
           0            0            0            1
3.14157 -3.14157 -3.12272