0.0808803
    0.999822    -0.018866 -2.13613e-05  0.000104785
    0.018866     0.999822  5.49678e-06 -0.000128725
 2.12538e-05 -5.89881e-06            1 -2.81677e-06
           0            0            0            1
3.14159 -3.14157 -3.12273