0.00781228
    0.999831   -0.0183898  8.50409e-05  -0.00116691
   0.0183897     0.999831  0.000419356  -0.00133901
-9.27597e-05  -0.00041765            1 -4.95911e-05
           0            0            0            1