0.0974613
    0.999822   -0.0188657 -2.00638e-05  9.89506e-05
   0.0188657     0.999822  5.61782e-06 -0.000102869
 1.99543e-05 -5.99534e-06            1 -2.11313e-06
           0            0            0            1
3.14159 -3.14157 -3.12273