0.0684681
    0.999822    -0.018867 -2.35259e-05  9.85292e-05
    0.018867     0.999822  1.89746e-05 -0.000122414
 2.31637e-05 -1.94151e-05            1  -3.1344e-06
           0            0            0            1
3.14157 -3.14157 -3.12272