0.0170233
    0.999832   -0.0183071 -0.000570599   0.00347465
    0.018307     0.999832 -5.30393e-05  0.000353205
 0.000571474  4.25844e-05            1 -7.17181e-07
           0            0            0            1
5.30393e-05 -0.000570599 0.0183081