0.00674698
     0.99984   -0.0179019 -0.000628337   0.00324854
   0.0179021      0.99984   0.00021553 -3.23877e-05
 0.000624433 -0.000227034            1  6.96182e-05
           0            0            0            1