0.115298
     0.99983   -0.0184542 -0.000406978   0.00250595
   0.0184542      0.99983 -6.06175e-05  0.000395984
 0.000408027  5.30967e-05            1 -5.94274e-06
           0            0            0            1
6.06175e-05 -0.000406978 0.0184553