0.169154
    0.999822   -0.0188663 -2.29885e-05  0.000114851
   0.0188663     0.999822  3.75899e-05 -8.18418e-05
 2.22753e-05 -3.80169e-05            1   3.7434e-05
           0            0            0            1
3.14156 -3.14157 -3.12273