0.113423
    0.999822   -0.0188663 -2.58968e-05  0.000108521
   0.0188663     0.999822   1.5991e-05 -9.72063e-05
 2.55905e-05 -1.64767e-05            1  3.29964e-06
           0            0            0            1
3.14158 -3.14157 -3.12273