0.065349
    0.999822   -0.0188653 -2.43056e-05  9.96279e-05
   0.0188653     0.999822  1.62507e-05 -9.81302e-05
 2.39947e-05 -1.67063e-05            1  4.78418e-07
           0            0            0            1
3.14158 -3.14157 -3.12273