0.0172632
    0.999829   -0.0184884 -0.000399373   0.00245249
   0.0184884     0.999829  7.13665e-05 -0.000218251
 0.000397986  -7.8738e-05            1  1.55583e-05
           0            0            0            1
3.14152 -3.14119 -3.1231