0.0634942
    0.999822   -0.0188659 -2.15782e-05  0.000121167
   0.0188659     0.999822  1.66248e-05 -9.49971e-05
 2.12607e-05  -1.7029e-05            1  1.94357e-06
           0            0            0            1
3.14158 -3.14157 -3.12273