0.0114863
    0.999822   -0.0188664 -2.22632e-05  0.000101591
   0.0188664     0.999822 -1.92259e-06 -0.000141984
 2.22955e-05  1.50222e-06            1 -3.72125e-05
           0            0            0            1
1.92259e-06 -2.22632e-05 0.0188676