0.0559188
    0.999822   -0.0188661 -2.26239e-05  9.91529e-05
   0.0188661     0.999822  1.61324e-05 -9.71789e-05
 2.23155e-05 -1.65564e-05            1 -4.11669e-07
           0            0            0            1
3.14158 -3.14157 -3.12273