0.0435737
     0.99983   -0.0184366  -0.00043114   0.00263563
   0.0184366      0.99983 -2.53382e-05  0.000236118
 0.000431534  1.73851e-05            1  1.25786e-06
           0            0            0            1
2.53382e-05 -0.00043114 0.0184376