0.0643443
    0.999822   -0.0188659 -2.42653e-05  0.000105701
   0.0188659     0.999822  1.59488e-05 -9.76325e-05
 2.39601e-05 -1.64038e-05            1  1.61635e-06
           0            0            0            1
3.14158 -3.14157 -3.12273