0.0173728
    0.999822   -0.0188665 -2.41901e-05  0.000104097
   0.0188665     0.999822 -1.00607e-05 -0.000119633
 2.43756e-05  9.60254e-06            1  2.50214e-07
           0            0            0            1
1.00607e-05 -2.41901e-05 0.0188676