0.0781379
    0.999822   -0.0188664 -2.57994e-05  0.000129367
   0.0188664     0.999822 -8.75075e-06 -0.000113071
 2.59599e-05  8.26245e-06            1  7.54223e-06
           0            0            0            1
8.75075e-06 -2.57994e-05 0.0188675