0.0722277
    0.999822    -0.018866 -1.94616e-05  0.000102734
    0.018866     0.999822 -2.52458e-05 -0.000152363
 1.99344e-05  2.48742e-05            1 -3.63771e-06
           0            0            0            1
2.52458e-05 -1.94616e-05 0.0188671