0.150819
    0.999822   -0.0188658 -2.45872e-05  0.000107173
   0.0188658     0.999822  8.61304e-06 -0.000102452
 2.44203e-05 -9.07537e-06            1  2.18306e-06
           0            0            0            1
3.14158 -3.14157 -3.12273