0.0910731
    0.999822   -0.0188659 -2.22345e-05   0.00011473
   0.0188659     0.999822   1.8709e-05 -9.73556e-05
 2.18776e-05 -1.91252e-05            1  2.35803e-06
           0            0            0            1
3.14157 -3.14157 -3.12273