0.176601
    0.999822    -0.018866 -2.88496e-05  0.000129916
    0.018866     0.999822  4.20496e-05 -8.64412e-05
 2.80512e-05 -4.25864e-05            1   7.1604e-06
           0            0            0            1
3.14155 -3.14156 -3.12273