0.0712228
   0.999832  -0.0183306   -0.000543  0.00331406
  0.0183306    0.999832 -1.5391e-05 0.000170221
0.000543191 5.43494e-06           1 1.93179e-06
          0           0           0           1
1.5391e-05 -0.000543 0.0183316