0.0127726
    0.999822   -0.0188658 -2.26064e-05  0.000131582
   0.0188658     0.999822  5.47718e-05 -0.000121576
 2.15691e-05 -5.51886e-05            1 -8.48593e-07
           0            0            0            1
3.14154 -3.14157 -3.12273