0.0390095
    0.999822   -0.0188659 -2.34241e-05  0.000123584
   0.0188659     0.999822  5.06589e-05 -7.61208e-05
 2.24642e-05 -5.10918e-05            1  4.63429e-06
           0            0            0            1
3.14154 -3.14157 -3.12273