0.109776
    0.999822   -0.0188656  -2.6236e-05  0.000108209
   0.0188656     0.999822  3.67385e-05   -0.0001188
 2.55383e-05 -3.72269e-05            1  1.70588e-06
           0            0            0            1
3.14156 -3.14157 -3.12273