0.0499759
    0.999827   -0.0185855 -0.000276832   0.00172092
   0.0185855     0.999827 -1.50578e-06  7.92934e-05
 0.000276813 -3.63956e-06            1  -5.3282e-06
           0            0            0            1
1.50578e-06 -0.000276832 0.0185866