0.0580012
    0.999828   -0.0185453  -0.00031833   0.00194771
   0.0185452     0.999828 -0.000103737  0.000613878
 0.000320199   9.7816e-05            1 -4.15707e-05
           0            0            0            1
0.000103737 -0.00031833 0.0185463