0.0430609
     0.99983   -0.0184179 -0.000450339    0.0027622
   0.0184178      0.99983 -0.000107181  0.000664162
 0.000452237  9.88688e-05            1 -5.53635e-06
           0            0            0            1
0.000107181 -0.000450339 0.0184189