0.011067
    0.999832   -0.0183284 -0.000534024   0.00329531
   0.0183283     0.999832 -0.000110264   0.00067597
 0.000535955  0.000100458            1 -1.24403e-05
           0            0            0            1
0.000110264 -0.000534024 0.0183294