0.0104551
    0.999822   -0.0188665 -2.43939e-05  0.000114539
   0.0188665     0.999822 -2.49033e-06 -0.000105118
 2.44366e-05  2.02965e-06            1   2.4839e-06
           0            0            0            1
2.49033e-06 -2.43939e-05 0.0188676