0.0765557
    0.999822   -0.0188667 -2.13515e-05  0.000113576
   0.0188667     0.999822  2.50756e-05 -0.000115739
 2.08746e-05  -2.5474e-05            1 -4.17325e-07
           0            0            0            1
3.14157 -3.14157 -3.12272