0.0113932
    0.999822   -0.0188668 -2.17025e-05      0.00011
   0.0188668     0.999822  8.17907e-06 -0.000125667
 2.15443e-05 -8.58707e-06            1 -9.34138e-07
           0            0            0            1
3.14158 -3.14157 -3.12272