0.0417768
    0.999835   -0.0181963  8.65608e-05  -0.00131409
   0.0181962     0.999835 -3.51281e-05    0.0016276
-8.59797e-05  3.68101e-05            1 -1.14441e-05
           0            0            0            1