0.0290434
    0.999822   -0.0188654 -2.93071e-05  0.000130152
   0.0188654     0.999822  4.00899e-05 -8.08207e-05
 2.85456e-05 -4.06357e-05            1  4.43575e-05
           0            0            0            1
3.14155 -3.14156 -3.12273