0.066462
    0.999822   -0.0188669 -2.46645e-05  0.000131634
   0.0188669     0.999822  7.88049e-06 -0.000128876
 2.45115e-05 -8.34443e-06            1  3.77468e-06
           0            0            0            1
3.14158 -3.14157 -3.12272