0.0721451
    0.999822   -0.0188673 -2.53989e-05  0.000112502
   0.0188673     0.999822  1.98268e-05  -0.00012705
 2.50203e-05 -2.03024e-05            1  2.39448e-07
           0            0            0            1
3.14157 -3.14157 -3.12272