0.0512806
    0.999822   -0.0188659 -2.50014e-05  0.000118987
   0.0188659     0.999822 -8.32144e-06 -0.000136222
 2.51539e-05  7.84828e-06            1  1.65354e-06
           0            0            0            1
8.32144e-06 -2.50014e-05 0.018867