0.144228
    0.999822   -0.0188663   -2.133e-05  0.000101578
   0.0188663     0.999822  3.33492e-05 -0.000117184
  2.0697e-05 -3.37456e-05            1 -4.00881e-06
           0            0            0            1
3.14156 -3.14157 -3.12273