0.0498009
    0.999822   -0.0188663 -1.39009e-05  9.00692e-05
   0.0188663     0.999822  2.22368e-05 -0.000123478
 1.34789e-05 -2.24951e-05            1 -9.93333e-06
           0            0            0            1
3.14157 -3.14158 -3.12273