0.00672197
    0.999841   -0.0178568  -0.00062497   0.00327428
   0.0178569     0.999841  0.000230342  -0.00012435
 0.000620827 -0.000241458            1  6.96182e-05
           0            0            0            1