0.0477986
    0.999822   -0.0188668 -2.43738e-05  0.000100416
   0.0188668     0.999822  1.89995e-05  -0.00012191
  2.4011e-05  -1.9456e-05            1 -1.99432e-06
           0            0            0            1
3.14157 -3.14157 -3.12272