0.0395785
    0.999822   -0.0188673 -2.37746e-05  0.000102857
   0.0188673     0.999822  1.94276e-05 -0.000123042
 2.34039e-05 -1.98727e-05            1 -2.03044e-06
           0            0            0            1
3.14157 -3.14157 -3.12272