0.0078045
    0.999831   -0.0183969  9.36463e-05  -0.00123256
   0.0183968     0.999831   0.00042576  -0.00132501
-0.000101462 -0.000423914            1 -4.91142e-05
           0            0            0            1