0.0990596
    0.999822    -0.018867 -2.03588e-05  9.01557e-05
    0.018867     0.999822  1.82465e-05 -0.000119266
 2.00109e-05 -1.86274e-05            1 -5.95543e-06
           0            0            0            1
3.14157 -3.14157 -3.12272