0.0119802
    0.999822   -0.0188666  -2.1876e-05  0.000112247
   0.0188666     0.999822  8.46851e-06 -9.95058e-05
 2.17123e-05 -8.87973e-06            1  1.47642e-06
           0            0            0            1
3.14158 -3.14157 -3.12272