0.115769
    0.999827   -0.0185715  -0.00029947   0.00183003
   0.0185715     0.999828  2.85219e-05 -6.24165e-05
 0.000298888 -3.40786e-05            1 -1.79442e-06
           0            0            0            1
3.14156 -3.14129 -3.12302