0.0782435
    0.999822   -0.0188656 -2.16985e-05   0.00012457
   0.0188656     0.999822  4.15579e-05 -0.000131053
 2.09106e-05 -4.19599e-05            1 -2.55072e-06
           0            0            0            1
3.14155 -3.14157 -3.12273