0.100445
    0.999822   -0.0188664 -2.23077e-05  0.000114542
   0.0188664     0.999822  2.49668e-05 -8.84719e-05
 2.18327e-05 -2.53832e-05            1  1.42564e-06
           0            0            0            1
3.14157 -3.14157 -3.12273