0.0820578
    0.999822   -0.0188659 -2.29627e-05  0.000104099
   0.0188659     0.999822   -2.516e-06  -0.00010469
  2.3006e-05  2.08235e-06            1 -2.54049e-07
           0            0            0            1
2.516e-06 -2.29627e-05 0.018867