0.013059
    0.999831   -0.0183893 -0.000478829   0.00294708
   0.0183893     0.999831 -0.000126745  0.000783712
 0.000481079  0.000117919            1 -8.90968e-06
           0            0            0            1
0.000126745 -0.000478829 0.0183904