0.108555
    0.999834   -0.0182333  -0.00062972   0.00386059
   0.0182333     0.999834 -1.39105e-05  0.000157365
 0.000629869  2.42637e-06            1 -6.09455e-06
           0            0            0            1
1.39105e-05 -0.00062972 0.0182343