0.0666159
     0.99983   -0.0184481 -0.000426225   0.00260329
   0.0184481      0.99983 -4.56403e-05  0.000356753
 0.000426994  3.77695e-05            1 -6.91198e-06
           0            0            0            1
4.56404e-05 -0.000426225 0.0184492