0.0993206
    0.999822   -0.0188666 -2.27239e-05  9.73436e-05
   0.0188666     0.999822  1.65523e-05 -9.80822e-05
 2.24076e-05 -1.69781e-05            1  4.48782e-07
           0            0            0            1
3.14158 -3.14157 -3.12272