0.102768
    0.999832   -0.0183134 -0.000548629   0.00336893
   0.0183134     0.999832 -1.68749e-05  0.000175893
 0.000548846  6.82483e-06            1  -9.2049e-06
           0            0            0            1
1.68749e-05 -0.000548629 0.0183145