0.133742
    0.999822   -0.0188654 -2.62247e-05  0.000137003
   0.0188654     0.999822  4.63113e-05 -0.000131895
 2.53463e-05 -4.67978e-05            1  3.08116e-06
           0            0            0            1
3.14155 -3.14157 -3.12273