0.108773
    0.999832    -0.018297 -0.000571979   0.00355403
   0.0182969     0.999833  -0.00016822  0.000866597
 0.000574961  0.000157726            1 -7.98823e-07
           0            0            0            1
0.00016822 -0.000571979 0.018298