0.0405835
    0.999813   -0.0193503  0.000706134  -0.00199493
   0.0193502     0.999813  8.00265e-05 -0.000119146
-0.000707551 -6.63476e-05            1 -9.07477e-05
           0            0            0            1
3.14151 3.14089 -3.12224