0.0374872
    0.999822   -0.0188773  0.000216148   0.00116079
   0.0188773     0.999822  5.44376e-05 -0.000242553
-0.000217137 -5.03476e-05            1 -4.24172e-05
           0            0            0            1
3.14154 3.14138 -3.12271