0.0953149
    0.999834   -0.0181942  -0.00067948   0.00414914
   0.0181942     0.999834  2.04074e-05  -3.4751e-05
 0.000678997 -3.27666e-05            1 -3.79087e-06
           0            0            0            1
3.14157 -3.14091 -3.1234