0.103343
    0.999822   -0.0188665 -1.51016e-05  0.000105853
   0.0188665     0.999822  5.19999e-05 -0.000126438
 1.41178e-05 -5.22756e-05            1 -1.18887e-05
           0            0            0            1
3.14154 -3.14158 -3.12273