0.0614819
    0.999822   -0.0188674  -2.3043e-05  0.000152482
   0.0188674     0.999822 -1.06653e-05 -0.000134732
 2.32402e-05  1.02286e-05            1  7.35055e-06
           0            0            0            1
1.06653e-05 -2.3043e-05 0.0188685