0.25265
    0.999822   -0.0188657  -2.2666e-05  9.85111e-05
   0.0188657     0.999822  3.13229e-05 -9.14682e-05
  2.2071e-05 -3.17449e-05            1 -1.52059e-06
           0            0            0            1
3.14156 -3.14157 -3.12273