0.0417009
    0.999833   -0.0182801  5.48065e-05 -0.000999965
   0.0182801     0.999833 -5.11282e-05   0.00167464
-5.38677e-05  5.21797e-05            1  -3.8147e-06
           0            0            0            1