0.0636768
    0.999822   -0.0188682 -7.21649e-06  0.000401159
   0.0188682     0.999822   1.0667e-05  -0.00012394
 7.01393e-06 -1.08013e-05            1 -0.000120577
           0            0            0            1
3.14158 -3.14159 -3.12272