0.115486
    0.999822   -0.0188665 -1.91418e-05  0.000140155
   0.0188665     0.999822  8.26194e-05 -6.94861e-05
 1.75797e-05 -8.29658e-05            1 -3.27022e-05
           0            0            0            1
3.14151 -3.14157 -3.12273