0.0305992
    0.999822   -0.0188684  6.79926e-05   0.00032664
   0.0188684     0.999822  5.17655e-06 -6.01828e-06
-6.80781e-05 -3.89272e-06            1  8.35328e-05
           0            0            0            1
3.14159 3.14152 -3.12272