0.112471
     0.99983   -0.0184434 -0.000434261   0.00266672
   0.0184434      0.99983 -0.000110382  0.000580384
 0.000436223  0.000102354            1 -1.39846e-05
           0            0            0            1
0.000110382 -0.000434261 0.0184445