0.0278038
    0.999822   -0.0188609  4.72753e-05 -0.000114606
   0.0188609     0.999822  6.20867e-05 -0.000110595
-4.84379e-05  -6.1184e-05            1 -6.44836e-05
           0            0            0            1
3.14153 3.14155 -3.12273