0.163633
    0.999822   -0.0188659 -2.72653e-05  0.000116151
   0.0188659     0.999822 -4.03793e-06 -0.000110211
 2.73366e-05  3.52282e-06            1  5.25286e-06
           0            0            0            1
4.03793e-06 -2.72653e-05 0.018867