0.041712
    0.999834   -0.0182456  8.05557e-05  -0.00118154
   0.0182456     0.999834 -4.62388e-05   0.00160692
 -7.9751e-05  4.77359e-05            1 -8.82149e-06
           0            0            0            1