0.07258
    0.999822    -0.018867 -1.48972e-05  0.000140623
    0.018867     0.999822  6.21875e-05 -0.000130379
 1.37213e-05 -6.24575e-05            1 -3.79478e-05
           0            0            0            1
3.14153 -3.14158 -3.12272