0.124344
     0.99983   -0.0184144 -0.000468819   0.00287093
   0.0184144      0.99983 -7.66025e-05   0.00039408
  0.00047015  6.79565e-05            1  -4.2089e-06
           0            0            0            1
7.66025e-05 -0.000468819 0.0184155