0.15723
    0.999822   -0.0188653 -2.21194e-05  0.000116313
   0.0188653     0.999822  4.98529e-05 -7.86225e-05
 2.11749e-05 -5.02613e-05            1  5.37457e-06
           0            0            0            1
3.14154 -3.14157 -3.12273