0.118561
     0.99983   -0.0184064 -0.000458288   0.00283113
   0.0184064     0.999831 -3.45894e-05  0.000233356
 0.000458847  2.61481e-05            1 -4.51769e-06
           0            0            0            1
3.45894e-05 -0.000458288 0.0184075