0.0716983
    0.999822   -0.0188691  5.79096e-05  0.000325222
   0.0188691     0.999822 -6.76816e-05 -0.000144978
-5.66222e-05  6.87622e-05            1 -6.16675e-05
           0            0            0            1
6.76816e-05 5.79096e-05 0.0188702