0.0416825
    0.999832   -0.0183318  6.44475e-05  -0.00106932
   0.0183318     0.999832 -1.84798e-05   0.00145957
-6.41495e-05  1.98092e-05            1 -7.86781e-06
           0            0            0            1