0.117458
    0.999822    -0.018867 -2.34576e-05  9.71938e-05
    0.018867     0.999822  1.03472e-05 -0.000131439
 2.32582e-05 -1.07879e-05            1 -2.69465e-06
           0            0            0            1
3.14158 -3.14157 -3.12272