0.105285
    0.999822   -0.0188663 -2.68937e-05  0.000124987
   0.0188663     0.999822  4.09781e-05 -0.000138312
 2.61159e-05 -4.14782e-05            1  1.21413e-06
           0            0            0            1
3.14155 -3.14157 -3.12273