0.0504393
    0.999822   -0.0188755  0.000161875   0.00094398
   0.0188754     0.999822  3.46054e-05 -0.000150922
-0.000162499 -3.15438e-05            1  2.46833e-07
           0            0            0            1
3.14156 3.14143 -3.12272