0.195857
    0.999822    -0.018866 -2.69549e-05  0.000129497
    0.018866     0.999822 -1.21315e-05 -0.000110611
 2.71789e-05  1.16208e-05            1  6.61478e-06
           0            0            0            1
1.21315e-05 -2.69549e-05 0.0188671