0.116853
    0.999822   -0.0188664 -2.58221e-05  0.000124368
   0.0188664     0.999822 -6.35301e-05 -0.000159661
 2.70161e-05  6.30316e-05            1 -3.83576e-05
           0            0            0            1
6.35301e-05 -2.58221e-05 0.0188675