0.146979
    0.999822   -0.0188656 -1.06261e-05  0.000112017
   0.0188656     0.999822 -5.48924e-06 -0.000101703
 1.07277e-05   5.2878e-06            1 -5.43182e-06
           0            0            0            1
5.48924e-06 -1.06261e-05 0.0188668