0.0765034
    0.999828   -0.0185611 -0.000309812   0.00196282
   0.0185611     0.999828  2.83894e-05   -9.922e-05
 0.000309232  -3.4135e-05            1 -4.94083e-07
           0            0            0            1
3.14156 -3.14128 -3.12303