0.111692
    0.999833   -0.0182364 -0.000646999   0.00397243
   0.0182362     0.999834  -0.00027437   0.00132833
 0.000651894  0.000262526            1 -7.06103e-06
           0            0            0            1
0.00027437 -0.000646999 0.0182374