0.00784545
    0.999834   -0.0182159  0.000103973  -0.00147791
    0.018216     0.999834  0.000414249  -0.00144192
-0.000111565 -0.000412174            1 -4.76837e-05
           0            0            0            1