0.0922745
    0.999822   -0.0188674 -2.68204e-05  0.000134741
   0.0188674     0.999822  5.16302e-05 -0.000135108
 2.58415e-05 -5.21271e-05            1  2.37295e-06
           0            0            0            1
3.14154 -3.14157 -3.12272