0.194158
    0.999822   -0.0188656 -5.51688e-06  7.59329e-05
   0.0188656     0.999822 -4.76577e-05   -0.0001147
 6.41499e-06  4.75452e-05            1 -4.56549e-05
           0            0            0            1
4.76577e-05 -5.51688e-06 0.0188667