0.126497
    0.999827   -0.0185759 -0.000288686   0.00177431
   0.0185759     0.999827 -4.99392e-05  0.000348216
 0.000289564   4.4568e-05            1 -1.23771e-06
           0            0            0            1
4.99392e-05 -0.000288686 0.018577