0.0980581
    0.999831   -0.0183544 -0.000525141   0.00322217
   0.0183545     0.999832  0.000116617 -0.000510627
 0.000522912 -0.000126236            1  1.16339e-05
           0            0            0            1
3.14148 -3.14107 -3.12324