0.121716
    0.999822    -0.018867 -2.42745e-05  0.000108366
    0.018867     0.999822 -7.62176e-06  -0.00014092
  2.4414e-05  7.16241e-06            1 -3.41354e-05
           0            0            0            1
7.62176e-06 -2.42745e-05 0.0188681