0.0636659
    0.999822   -0.0188747  6.15364e-05  0.000800649
   0.0188747     0.999822  0.000120396 -0.000114603
-6.37978e-05 -0.000119213            1 -3.86229e-05
           0            0            0            1
3.14147 3.14153 -3.12272