0.0542479
    0.999822   -0.0188684  7.09293e-05  0.000223872
   0.0188684     0.999822  3.53788e-06 -9.94725e-05
-7.09834e-05 -2.19893e-06            1 -5.72265e-05
           0            0            0            1
3.14159 3.14152 -3.12272