0.0682178
    0.999833    -0.018273 -0.000603517   0.00371802
    0.018273     0.999833 -6.31273e-05    0.0003656
 0.000604569  5.20887e-05            1  1.16966e-05
           0            0            0            1
6.31273e-05 -0.000603517 0.018274