0.0313983
    0.999822   -0.0188686  0.000121908  0.000263538
   0.0188686     0.999822  -8.7451e-06  1.02607e-05
-0.000121722  1.10438e-05            1  2.74978e-05
           0            0            0            1
8.7451e-06 0.000121908 0.0188697