0.119424
    0.999822   -0.0188673 -2.56452e-05  0.000127193
   0.0188673     0.999822 -2.85565e-06 -0.000136833
 2.56945e-05  2.37129e-06            1  5.31997e-06
           0            0            0            1
2.85565e-06 -2.56452e-05 0.0188684