0.153006
    0.999822   -0.0188658 -2.40981e-05  0.000104101
   0.0188658     0.999822  4.31232e-06 -0.000106592
 2.40124e-05 -4.76618e-06            1  1.31818e-06
           0            0            0            1
3.14159 -3.14157 -3.12273