0.0544041
    0.999813   -0.0193068  0.000564595  -0.00214914
   0.0193068     0.999814   1.5741e-05  4.23916e-05
-0.000564793 -4.83755e-06            1 -1.76395e-05
           0            0            0            1
3.14158 3.14103 -3.12228