0.00665104
    0.999837   -0.0180799 -0.000513643   0.00257147
     0.01808     0.999836   0.00023222 -0.000109613
 0.000509381 -0.000241607            1  6.48499e-05
           0            0            0            1