0.109773
    0.999833   -0.0182417 -0.000638859   0.00389853
   0.0182418     0.999834  9.96475e-05 -0.000449681
 0.000636935 -0.000111285            1  9.02314e-06
           0            0            0            1
3.14149 -3.14095 -3.12335