0.131538
    0.999822   -0.0188663 -2.78108e-05  0.000120929
   0.0188663     0.999822  4.06797e-05 -7.74787e-05
 2.70383e-05 -4.11971e-05            1  4.22663e-05
           0            0            0            1
3.14155 -3.14156 -3.12273