0.0805108
    0.999826   -0.0186482 -0.000221001   0.00139931
   0.0186482     0.999826  4.12792e-05 -0.000118239
 0.000220192 -4.53933e-05            1  4.82345e-07
           0            0            0            1
3.14155 -3.14137 -3.12294