0.00670812
    0.999839   -0.0179075 -0.000605911   0.00315783
   0.0179077      0.99984  0.000195116  5.44861e-05
 0.000602335 -0.000205934            1  6.65188e-05
           0            0            0            1