0.0417311
    0.999833   -0.0183037  7.96318e-05  -0.00106914
   0.0183037     0.999833 -7.59512e-05    0.0016772
-7.82907e-05  7.73626e-05            1 -2.86102e-06
           0            0            0            1