0.0866091
    0.999822   -0.0188669 -2.37088e-05  0.000125811
   0.0188669     0.999822  5.20998e-06 -0.000132242
 2.36062e-05 -5.65636e-06            1  2.85979e-06
           0            0            0            1
3.14159 -3.14157 -3.12272