0.00783264
    0.999833   -0.0183076  0.000119455  -0.00140015
   0.0183076     0.999833  0.000448152  -0.00155531
-0.000127673 -0.000445873            1 -4.81606e-05
           0            0            0            1