0.0821085
    0.999822   -0.0188673 -1.99818e-05  0.000149278
   0.0188673     0.999822 -7.92612e-05 -0.000194009
 2.14737e-05  7.88701e-05            1 -6.40556e-05
           0            0            0            1
7.92612e-05 -1.99818e-05 0.0188684