0.184075
    0.999831   -0.0183682 -0.000513688   0.00313308
   0.0183682     0.999831 -0.000103596  0.000561519
 0.000515504  9.41429e-05            1 -4.16014e-06
           0            0            0            1
0.000103596 -0.000513688 0.0183693