0.226985
    0.999822   -0.0188655 -2.36459e-05  0.000123426
   0.0188655     0.999822  -1.7478e-05 -0.000107505
 2.39714e-05  1.70288e-05            1  5.20409e-06
           0            0            0            1
1.7478e-05 -2.36459e-05 0.0188667