0.119346
     0.99983   -0.0184246 -0.000437845   0.00268102
   0.0184246      0.99983 -6.74148e-05  0.000423727
 0.000439013  5.93362e-05            1 -4.19021e-06
           0            0            0            1
6.74148e-05 -0.000437845 0.0184256