0.00781559
    0.999831    -0.018364  8.11592e-05  -0.00118033
    0.018364     0.999831  0.000402724  -0.00130306
-8.85278e-05 -0.000401221            1 -4.93526e-05
           0            0            0            1