0.0248561
    0.999822   -0.0188722  3.46589e-05  0.000602825
   0.0188722     0.999822  7.55513e-05 -0.000157623
-3.60786e-05 -7.48838e-05            1 -1.72961e-05
           0            0            0            1
3.14152 3.14156 -3.12272