0.142584
     0.99983   -0.0184075 -0.000467884   0.00287451
   0.0184076     0.999831  8.92241e-05 -0.000375079
 0.000466163 -9.78215e-05            1  1.19732e-05
           0            0            0            1
3.1415 -3.14112 -3.12318