0.114566
    0.999833   -0.0182754 -0.000596614    0.0036668
   0.0182753     0.999833 -0.000259962   0.00127535
 0.000601265  0.000249015            1 -5.00579e-05
           0            0            0            1
0.000259962 -0.000596614 0.0182764