0.100357
    0.999822   -0.0188666 -1.61985e-05   9.5332e-05
   0.0188666     0.999822  1.54671e-05 -0.000127687
 1.59038e-05 -1.57699e-05            1 -7.47158e-06
           0            0            0            1
3.14158 -3.14158 -3.12272