0.153476
    0.999822   -0.0188668 -1.57509e-05  0.000106453
   0.0188668     0.999822 -3.54801e-05 -0.000162749
 1.64175e-05  3.51766e-05            1 -7.00369e-06
           0            0            0            1
3.54801e-05 -1.57509e-05 0.0188679