0.0967178
    0.999815   -0.0192471  0.000399167  -0.00198257
   0.0192472     0.999815 -6.11156e-05  0.000131727
-0.000397917  6.87871e-05            1 -8.13388e-05
           0            0            0            1
6.11156e-05 0.000399167 0.0192483