0.136234
    0.999822   -0.0188662 -2.19762e-05  0.000121284
   0.0188662     0.999822 -2.47336e-05 -0.000119861
 2.24389e-05  2.43146e-05            1  3.94755e-06
           0            0            0            1
2.47336e-05 -2.19762e-05 0.0188673