0.00670534
     0.99984   -0.0179111 -0.000567764   0.00296525
   0.0179113      0.99984   0.00018999  7.08252e-05
 0.000564262 -0.000200063            1  6.10352e-05
           0            0            0            1