0.123983
    0.999822   -0.0188663 -2.25283e-05  0.000112169
   0.0188663     0.999822 -7.19731e-05 -0.000182693
 2.38821e-05  7.15352e-05            1    3.364e-06
           0            0            0            1
7.19731e-05 -2.25283e-05 0.0188674