0.151842
    0.999822    -0.018866 -2.26366e-05  0.000109813
    0.018866     0.999822  1.07463e-05 -0.000125904
 2.24298e-05 -1.11714e-05            1 -1.16517e-06
           0            0            0            1
3.14158 -3.14157 -3.12273