0.158853
    0.999822   -0.0188673  -2.1123e-05   0.00011684
   0.0188673     0.999822  1.03289e-05 -0.000126218
 2.09244e-05 -1.07256e-05            1  -7.2174e-08
           0            0            0            1
3.14158 -3.14157 -3.12272