0.186763
    0.999822   -0.0188659 -2.31017e-05  0.000126544
   0.0188659     0.999822 -2.60589e-06 -0.000103973
 2.31468e-05  2.16959e-06            1  2.15476e-06
           0            0            0            1
2.60589e-06 -2.31017e-05 0.018867