0.160075
    0.999822   -0.0188662 -2.56154e-05  0.000127834
   0.0188662     0.999822  1.03065e-05 -9.91018e-05
 2.54164e-05  -1.0788e-05            1  7.66813e-06
           0            0            0            1
3.14158 -3.14157 -3.12273