0.139636
    0.999822   -0.0188652 -1.88875e-05  0.000110592
   0.0188652     0.999822  2.72943e-05 -8.83515e-05
 1.83693e-05 -2.76458e-05            1 -1.31784e-06
           0            0            0            1
3.14157 -3.14157 -3.12273