0.0505133
    0.999814    -0.019296  0.000610701  -0.00222188
    0.019296     0.999814 -4.06238e-05  0.000147143
-0.000609804  5.24004e-05            1   6.5989e-05
           0            0            0            1
4.06239e-05 0.000610701 0.0192972