0.116603
    0.999822   -0.0188663  -2.0561e-05  0.000135043
   0.0188663     0.999822 -1.42022e-05 -0.000109461
 2.08253e-05  1.38118e-05            1  7.96991e-06
           0            0            0            1
1.42022e-05 -2.0561e-05 0.0188675