0.00871447
    0.999863   -0.0165585  0.000498731  -0.00477956
    0.016558     0.999862  0.000956966  -0.00471023
-0.000514481 -0.000948541     0.999999 -0.000101328
           0            0            0            1