0.00667086
    0.999838   -0.0180239 -0.000526741   0.00268287
   0.0180241     0.999837  0.000227451 -8.18148e-05
 0.000522584 -0.000236899            1  6.22272e-05
           0            0            0            1