0.00676011
     0.99984    -0.017856 -0.000595614   0.00312319
   0.0178562      0.99984  0.000222445 -7.81268e-05
 0.000591487 -0.000232875            1  6.24657e-05
           0            0            0            1