0.0416474
     0.99983   -0.0184227  7.48485e-05   -0.0010037
   0.0184226     0.999831 -3.83402e-05   0.00147555
-7.41184e-05  3.96087e-05            1 -6.67572e-06
           0            0            0            1