0.00779009
    0.999831   -0.0183733  9.30205e-05  -0.00122458
   0.0183732     0.999831  0.000425352  -0.00133008
-0.000100806 -0.000423597            1 -5.00679e-05
           0            0            0            1