0.00670452
     0.99984   -0.0179017 -0.000592232   0.00307307
   0.0179018      0.99984  0.000195742   6.7994e-05
   0.0005887 -0.000206262            1  6.38962e-05
           0            0            0            1