0.00780828
    0.999831   -0.0183825  8.15317e-05  -0.00114002
   0.0183825     0.999831  0.000417078   -0.0013346
-8.91834e-05 -0.000415523            1 -4.98295e-05
           0            0            0            1