0.00780954
    0.999833   -0.0183065  0.000101961  -0.00130994
   0.0183064     0.999833  0.000444608  -0.00154168
 -0.00011009  -0.00044257            1 -5.26905e-05
           0            0            0            1