0.0417007
    0.999833   -0.0182766  5.25117e-05  -0.00104056
   0.0182765     0.999833 -1.75806e-05   0.00148453
-5.22882e-05  1.85678e-05            1 -6.91414e-06
           0            0            0            1