0.0416593
    0.999831    -0.018377  6.22272e-05  -0.00100049
   0.0183771     0.999831 -2.57748e-05   0.00144421
-6.16908e-05  2.67942e-05            1 -5.48363e-06
           0            0            0            1