0.664642
    0.999994  -0.00341207 -0.000786349 -0.000867218
  0.00341138     0.999993  -0.00101021   0.00435299
 0.000789762   0.00100741     0.999999   0.00109148
           0            0            0            1