0.0332044
    0.999838    -0.017996  0.000449449  -0.00194277
   0.0179964     0.999838 -0.000734292  0.000283733
-0.000436217  0.000742286            1 -0.000181198
           0            0            0            1