0.0733156
    0.999856   -0.0169229   0.00108524  -0.00408932
   0.0169233     0.999857 -0.000216389   0.00278922
 -0.00108138  0.000234719     0.999999 -0.000240088
           0            0            0            1