0.0473962
    0.999819   -0.0190169 -4.41372e-05  0.000147182
   0.0190169     0.999819   0.00020846  -0.00104164
 4.01288e-05 -0.000209107            1  1.52588e-05
           0            0            0            1