0.0478317
    0.999851   -0.0172461  0.000463769   -0.0032676
   0.0172458     0.999851  0.000739134  -0.00441778
 -0.00047648 -0.000731016            1 -7.70092e-05
           0            0            0            1