0.0928272
     0.99981   -0.0194835 -0.000165246   0.00118071
   0.0194836      0.99981  0.000310824  -0.00162654
 0.000159137 -0.000313854            1 -3.26633e-05
           0            0            0            1