0.0409944
    0.999845   -0.0175685 -0.000764966   0.00446855
    0.017568     0.999846  -0.00065276   0.00334925
  0.00077635  0.000639379            1 -2.90871e-05
           0            0            0            1