0.14179
    0.999852   -0.0171877  0.000429608  -0.00327796
   0.0171873     0.999852  0.000804562  -0.00470024
-0.000443377 -0.000797059            1 -6.31809e-05
           0            0            0            1