0.0515047
    0.999845   -0.0176109 -0.000695735   0.00421003
   0.0176104     0.999845 -0.000672907   0.00350557
 0.000707522  0.000660568     0.999999 -5.24521e-05
           0            0            0            1