0.0696628
    0.999813   -0.0193634 -0.000173651   0.00112201
   0.0193632     0.999812 -0.000300402   0.00136672
 0.000179499  0.000297001            1  6.69956e-05
           0            0            0            1