0.752517
    0.999839   -0.0179518 -0.000455096   0.00291754
   0.0179521     0.999838  0.000765204  -0.00371654
 0.000441343  -0.00077334            1  1.71661e-05
           0            0            0            1