0.829606
    0.999825   -0.0186978 -6.48201e-05  0.000584567
   0.0186977     0.999825  0.000544692  -0.00262964
 5.45867e-05 -0.000545928            1  0.000268936
           0            0            0            1