0.103506
    0.999843   -0.0177156 -0.000558674   0.00356161
   0.0177166     0.999842   0.00161558  -0.00401303
 0.000529855  -0.00162528     0.999999  7.12872e-05
           0            0            0            1