0.166143
    0.999809   -0.0195771 -0.000306934   0.00133039
   0.0195769     0.999809 -0.000523642   0.00125441
 0.000317156  0.000517562            1  0.000147104
           0            0            0            1