0.343828
    0.999994  -0.00328767 -0.000828519  0.000301331
  0.00328797     0.999994   0.00060457  -0.00265527
 0.000826463 -0.000607193     0.999999  -0.00352263
           0            0            0            1