0.0421799
    0.999812   -0.0193956 -0.000149712   0.00114519
   0.0193955     0.999812 -0.000679165   0.00140318
 0.000162885  0.000676151            1  1.09673e-05
           0            0            0            1