2.52341
    0.999817   -0.0191412 -0.000326216  0.000831157
     0.01914     0.999812  -0.00306638   0.00278949
 0.000385016   0.00305955     0.999995 -0.000195503
           0            0            0            1