0.459883
    0.999833   -0.0182747  6.91712e-05  5.92992e-05
   0.0182749     0.999833 -0.000895843   0.00441232
-5.28395e-05   0.00089708            1  0.000267744
           0            0            0            1