0.570405
    0.999825   -0.0187571  0.000105485 -0.000434346
   0.0187571     0.999824 -0.000618272   0.00112807
-9.38326e-05  0.000620093            1  8.34465e-06
           0            0            0            1