0.744418
    0.999858   -0.0168543  0.000489898  -0.00401071
   0.0168539     0.999857  0.000810451  -0.00480002
-0.000503488 -0.000802124            1 -0.000100136
           0            0            0            1