0.429901
    0.999815    -0.019229 -8.58158e-05  0.000516415
    0.019229     0.999815  0.000264174  -0.00139684
 8.07047e-05 -0.000265669            1  2.14577e-06
           0            0            0            1