0.510748
    0.999845   -0.0175644 -0.000709072   0.00423592
   0.0175637     0.999846 -0.000768512   0.00389899
 0.000722453  0.000756055            1 -1.00136e-05
           0            0            0            1