1.42016
    0.999839   -0.0179772 -0.000420451   0.00281542
   0.0179776     0.999838  0.000715643  -0.00362991
 0.000407472 -0.000723094            1 -5.03063e-05
           0            0            0            1