0.532396
    0.999827   -0.0186073  -0.00013946   0.00092168
   0.0186073     0.999827  0.000168324 -0.000806026
  0.00013642 -0.000170976            1  3.91006e-05
           0            0            0            1