0.542146
    0.999813   -0.0193562 -0.000149466    0.0010118
   0.0193562     0.999813 -0.000285693   0.00141111
 0.000154935  0.000282667            1  4.12464e-05
           0            0            0            1