0.737322
    0.999814   -0.0193055 -0.000158008   0.00098227
   0.0193054     0.999813 -0.000309626   0.00146212
 0.000163961  0.000306578            1  2.52724e-05
           0            0            0            1