0.537963
    0.999811   -0.0194595 -0.000123739   0.00107544
   0.0194596      0.99981  0.000314924  -0.00164159
 0.000117585 -0.000317308            1 -6.22272e-05
           0            0            0            1