0.737062
    0.999838   -0.0179866 -0.000481233      0.00298
    0.017987     0.999838  0.000446677  -0.00232112
 0.000473112 -0.000455201            1  1.69277e-05
           0            0            0            1