0.772717
    0.999858   -0.0168759  0.000459023  -0.00390705
   0.0168756     0.999857  0.000815303  -0.00479602
-0.000472732 -0.000807421            1  -0.00011158
           0            0            0            1