0.723599
     0.99984    -0.017878 -0.000461347   0.00302848
   0.0178785      0.99984  0.000728071  -0.00367681
 0.000448253 -0.000736117            1 -3.02792e-05
           0            0            0            1