0.664152
    0.999812   -0.0193956 -0.000113979  0.000905648
   0.0193956     0.999812  0.000322733  -0.00164855
  0.00010772 -0.000324916            1 -5.76973e-05
           0            0            0            1