0.841207
    0.999815   -0.0192491 -7.09221e-05  0.000667788
   0.0192491     0.999815 -0.000293799   0.00143544
 7.65547e-05  0.000292404            1  3.00407e-05
           0            0            0            1