0.724883
    0.999816   -0.0192194 -8.84533e-05   0.00052993
   0.0192193     0.999816  0.000284207  -0.00145045
 8.29846e-05 -0.000285864            1  2.38419e-07
           0            0            0            1