0.615503
    0.999846    -0.017562 -0.000732929   0.00435437
   0.0175613     0.999846 -0.000806391   0.00393981
 0.000746995  0.000793278            1 -5.72205e-06
           0            0            0            1