0.504684
    0.999815   -0.0192499   -7.388e-05  0.000669844
   0.0192499     0.999815 -0.000250019   0.00132997
 7.86707e-05  0.000248578            1  5.31673e-05
           0            0            0            1