0.762929
    0.999815   -0.0192376 -0.000117496  0.000645779
   0.0192376     0.999815  0.000320826  -0.00158481
 0.000111282 -0.000322906            1  -2.6226e-06
           0            0            0            1