0.504841
    0.999808     -0.01961 -0.000145204   0.00116133
   0.0196098     0.999808  0.000322886  -0.00169785
 0.000138901  -0.00032565            1 -0.000114441
           0            0            0            1