0.427049
    0.999815   -0.0192439 -0.000162916  0.000790644
   0.0192439     0.999815 -0.000208932    0.0012087
 0.000166908  0.000205708            1  3.91006e-05
           0            0            0            1