0.47771
    0.999838   -0.0179616 -0.000478134   0.00298404
    0.017962     0.999838  0.000753075  -0.00367808
 0.000464544 -0.000761539            1 -5.00679e-06
           0            0            0            1