0.608462
    0.999814   -0.0192867   0.00029847    -0.001521
   0.0192867     0.999814 -0.000500768   0.00215122
 -0.00028877   0.00050655            1  9.29832e-06
           0            0            0            1