0.663936
     0.99986   -0.0167426  0.000463637  -0.00393404
   0.0167422     0.999859  0.000732193  -0.00466108
-0.000475803 -0.000724248            1 -6.65188e-05
           0            0            0            1