0.428604
    0.999837   -0.0180613 -0.000460893   0.00272293
   0.0180615     0.999837  0.000374079  -0.00193493
 0.000454083 -0.000382408            1  1.28746e-05
           0            0            0            1