1.18291
    0.999814   -0.0192835 -6.06179e-05   0.00069087
   0.0192835     0.999814 -0.000316075   0.00145729
 6.66901e-05   0.00031486            1  -2.0504e-05
           0            0            0            1