0.548197
     0.99986   -0.0167625  0.000477325  -0.00400481
   0.0167621      0.99986   0.00074872  -0.00469211
-0.000489805 -0.000740632            1 -7.15256e-05
           0            0            0            1