0.397596
    0.999838   -0.0179552 -0.000490457    0.0029972
   0.0179556     0.999838  0.000805706  -0.00382406
 0.000475928 -0.000814378            1  3.02792e-05
           0            0            0            1