0.20278
    0.999815   -0.0192218 -6.83963e-05  0.000471279
   0.0192218     0.999815  0.000282381  -0.00148204
 6.29425e-05 -0.000283639            1 -3.38554e-05
           0            0            0            1