0.624929
    0.999815   -0.0192372 -6.20186e-05  0.000620067
   0.0192373     0.999815 -0.000347043   0.00155237
 6.86347e-05  0.000345804            1 -3.26633e-05
           0            0            0            1