0.452971
    0.999845   -0.0175736 -0.000662029    0.0041259
   0.0175731     0.999845 -0.000809193   0.00397292
 0.000676259  0.000797391     0.999999  -5.6982e-05
           0            0            0            1