0.353352
    0.999827   -0.0185646 -0.000132106  0.000903183
   0.0185645     0.999828  0.000339627  -0.00187484
 0.000125781 -0.000342011            1  5.96046e-06
           0            0            0            1