0.0146367
    0.999808   -0.0195841 -0.000307925    0.0014513
   0.0195844     0.999808  0.000682076  -0.00172339
 0.000294484 -0.000687987            1  2.74181e-05
           0            0            0            1