0.0188661
    0.999842   -0.0177972 -0.000643939   0.00345343
   0.0177974     0.999842  0.000204176 -0.000360169
 0.000640288 -0.000215799            1 -5.48363e-06
           0            0            0            1