0.0156427
    0.999834   -0.0182368  3.81172e-05  -0.00105532
   0.0182368     0.999834 -0.000140375   0.00177399
 -3.5584e-05    0.0001411            1  2.52724e-05
           0            0            0            1