0.0735462
    0.999842   -0.0177536 -0.000601962   0.00333729
   0.0177545     0.999842   0.00139552  -0.00378082
 0.000577003  -0.00140615     0.999999  0.000208378
           0            0            0            1