0.0580284
    0.999844   -0.0176742  0.000235736  -0.00236079
   0.0176741     0.999844  0.000740874  -0.00362368
 -0.00024879 -0.000736489            1 -5.81741e-05
           0            0            0            1