0.0543506
    0.999861   -0.0166825  0.000502601   -0.0046087
    0.016682      0.99986  0.000914223   -0.0048221
  -0.0005178 -0.000905645     0.999999  -0.00010848
           0            0            0            1