0.015673
    0.999833   -0.0182875  1.12951e-05 -0.000945933
   0.0182875     0.999833 -8.52272e-05   0.00148594
-9.79006e-06  8.55112e-05            1  1.97887e-05
           0            0            0            1