0.018811
     0.99984   -0.0178757 -0.000581577   0.00309904
   0.0178759      0.99984  0.000159457 -0.000161074
 0.000578657 -0.000169814            1 -1.16825e-05
           0            0            0            1