0.0577041
    0.999833   -0.0182866  8.90791e-05  -0.00132284
   0.0182866     0.999833  0.000424116  -0.00163405
-9.68352e-05  -0.00042235            1 -3.09944e-05
           0            0            0            1