0.306675
    0.99987  -0.0161143 0.000712752 -0.00479027
  0.0161134     0.99987  0.00128617 -0.00411941
-0.00073339 -0.00127445    0.999999 0.000116825
          0           0           0           1