0.143591
    0.999853    -0.017129  0.000562796  -0.00444313
    0.017129     0.999853  5.77213e-05  -0.00132443
-0.000563703  -4.8026e-05            1  0.000170946
           0            0            0            1