0.164231
    0.999847   -0.0175043 -0.000781644   0.00446146
   0.0175035     0.999846 -0.000867635   0.00403675
 0.000796732  0.000853866     0.999999  4.52995e-06
           0            0            0            1