0.388925
    0.999846   -0.0175686  0.000387684  -0.00271374
   0.0175683     0.999845  0.000598343   -0.0035581
-0.000398129 -0.000591462            1 -8.79765e-05
           0            0            0            1