0.102635
    0.999811   -0.0194517 -0.000123307   0.00103352
   0.0194517     0.999811  0.000338934  -0.00170285
 0.000116721 -0.000341225            1 -4.12464e-05
           0            0            0            1