0.800182
     0.99981   -0.0194854 -0.000141099     0.001147
   0.0194854      0.99981  0.000459269  -0.00180317
 0.000132121 -0.000461988            1 -4.17233e-05
           0            0            0            1