0.60503
    0.999823   -0.0188167 -3.68953e-05 -0.000182182
   0.0188167     0.999823 -0.000311252   0.00124381
 4.27216e-05  0.000310343            1  8.46386e-05
           0            0            0            1