0.439987
    0.999842   -0.0177382  -0.00062871   0.00374887
   0.0177376     0.999842 -0.000703186   0.00371769
 0.000641018   0.00069207     0.999999 -2.09808e-05
           0            0            0            1