0.305256
    0.999813   -0.0193003 -0.000911027  0.000956096
   0.0193006     0.999814 -1.86861e-05  9.62615e-06
 0.000911161  1.09524e-06     0.999999  -0.00022006
           0            0            0            1