0.208201
     0.99986   -0.0167208  0.000561673  -0.00439616
   0.0167203      0.99986  0.000834467  -0.00476036
 -0.00057555 -0.000824948            1 -0.000110149
           0            0            0            1