0.122058
    0.999841   -0.0178084  0.000207797  -0.00166915
   0.0178085     0.999841 -0.000535058   0.00317801
  -0.0001982  0.000538636            1  4.07696e-05
           0            0            0            1