0.186865
    0.999848   -0.0174266 -0.000782609   0.00469859
   0.0174259     0.999848 -0.000770688   0.00385982
 0.000795975    0.0007568            1    4.673e-05
           0            0            0            1