0.254253
    0.999839    -0.017928  0.000352986  -0.00224162
   0.0179277      0.99984  0.000486914 -0.000563636
-0.000361614 -0.000480548            1 -0.000239134
           0            0            0            1