0.221332
    0.999802   -0.0198958  0.000668406  -0.00368202
   0.0198961     0.999802  -2.9549e-05  6.21155e-05
-0.000667736  4.27365e-05            1 -1.04904e-05
           0            0            0            1