0.134701
    0.999873   -0.0159617   0.00051105  -0.00432886
   0.0159608     0.999872   0.00141518  -0.00269338
-0.000533521  -0.00140693     0.999999  0.000349998
           0            0            0            1