0.0127884
    0.999809   -0.0195882  -0.00033517   0.00131021
   0.0195885     0.999808  0.000833894  -0.00160537
 0.000318779 -0.000840427            1  0.000202179
           0            0            0            1