0.180634
    0.999835   -0.0181788 -0.000348359    0.0022162
   0.0181784     0.999834 -0.000960767   0.00375658
 0.000365764  0.000954464     0.999999  -1.7643e-05
           0            0            0            1