0.281554
    0.999823   -0.0188385  1.54972e-05 -0.000359543
   0.0188385     0.999823  0.000229048 -0.000988767
-1.98036e-05 -0.000228726            1 -3.29018e-05
           0            0            0            1