0.332198
    0.999862   -0.0165515   0.00124692  -0.00346427
   0.0165522     0.999863 -0.000523563   0.00364266
 -0.00123809  0.000544094     0.999999  0.000126123
           0            0            0            1