0.0139615
    0.999834   -0.0182075   7.0855e-05  -0.00124726
   0.0182075     0.999834 -0.000149447   0.00171919
-6.80834e-05   0.00015073            1  1.07288e-05
           0            0            0            1