0.030152
    0.999839   -0.0179214 -0.000598356    0.0031454
   0.0179216     0.999839  0.000160992 -0.000185125
 0.000595346 -0.000171691            1  1.54972e-05
           0            0            0            1