0.0302205
    0.999843   -0.0176743 -0.000731051   0.00395484
   0.0176747     0.999844  0.000489473  -0.00189532
 0.000722453 -0.000502527     0.999999  7.89165e-05
           0            0            0            1