0.0303374
    0.999859   -0.0168203  0.000438958  -0.00414513
   0.0168198     0.999858   0.00110847  -0.00482356
-0.000457544    -0.001101            1 -2.36034e-05
           0            0            0            1