0.0140098
    0.999834    -0.018198  4.41372e-05  -0.00113479
   0.0181979     0.999835 -0.000134601   0.00169872
-4.16785e-05  0.000135296            1  1.16825e-05
           0            0            0            1