0.0296762
    0.999834   -0.0182186  8.72537e-05  -0.00139349
   0.0182185     0.999834  0.000319596  -0.00137506
-9.30727e-05 -0.000317963            1 -4.07696e-05
           0            0            0            1