0.030154
     0.99984   -0.0178963 -0.000600576   0.00316979
   0.0178963      0.99984  0.000123024   1.2368e-05
 0.000598297 -0.000133842            1  1.19209e-05
           0            0            0            1