0.0139267
    0.999832   -0.0183218  6.61314e-05  -0.00114492
   0.0183218     0.999832 -0.000124224   0.00148276
-6.38962e-05  0.000125474            1  6.91414e-06
           0            0            0            1