0.0296629
    0.999833   -0.0182535  9.60603e-05  -0.00132791
   0.0182535     0.999834  0.000385048  -0.00161627
-0.000103101 -0.000383109            1 -4.45843e-05
           0            0            0            1