0.0296218
    0.999831   -0.0183687  7.84323e-05  -0.00115873
   0.0183686     0.999831  0.000348549  -0.00143138
-8.47802e-05 -0.000346957            1 -4.29153e-05
           0            0            0            1