0.0296603
    0.999834   -0.0182497  9.15155e-05  -0.00140153
   0.0182497     0.999834  0.000321148  -0.00129238
-9.73642e-05 -0.000319365            1 -3.98159e-05
           0            0            0            1