0.0602896
    0.999814   -0.0192908 -0.000110552  0.000711739
    0.019291     0.999813    0.0010738  -0.00160249
 8.97944e-05  -0.00107566            1   6.4373e-06
           0            0            0            1