0.0301746
     0.99984   -0.0178564 -0.000586942   0.00310585
   0.0178564     0.999841  0.000174016 -0.000259101
 0.000583768 -0.000184566            1  1.85966e-05
           0            0            0            1