0.0300811
    0.999837   -0.0180472 -0.000513896   0.00265751
   0.0180473     0.999837  0.000107884  7.85664e-05
   0.0005119 -0.000117302            1   1.0252e-05
           0            0            0            1