0.299806
    0.999801   -0.0199554  0.000879705  -0.00373159
   0.0199553     0.999801 -1.60933e-05 -5.69224e-05
-0.000879198   3.3468e-05            1 -0.000129461
           0            0            0            1