0.0300928
     0.99984   -0.0179094 -0.000572756   0.00296797
   0.0179096      0.99984  0.000249386   -0.0006506
 0.000568181 -0.000259697            1  3.40939e-05
           0            0            0            1