0.0139493
    0.999831   -0.0183678  2.85059e-05 -0.000869188
   0.0183678     0.999831 -0.000127831   0.00150473
 -2.6226e-05  0.000128375            1  1.26362e-05
           0            0            0            1