0.0139385
    0.999831   -0.0183823  1.09375e-05 -0.000798456
   0.0183824     0.999831 -0.000105807   0.00136977
 -8.9854e-06  0.000106039            1  1.12057e-05
           0            0            0            1