0.0296203
    0.999831   -0.0183678  8.03322e-05  -0.00116851
   0.0183678     0.999831  0.000329677  -0.00131714
-8.64267e-05 -0.000327986            1 -4.07696e-05
           0            0            0            1