0.0433172
    0.999846    -0.017556 -0.000738621   0.00433702
   0.0175555     0.999846 -0.000776291   0.00386067
 0.000752106  0.000763148            1  7.86781e-06
           0            0            0            1