0.0900803
    0.999854    -0.017082  0.000438139  -0.00344229
   0.0170816     0.999853  0.000814094  -0.00477138
-0.000451967 -0.000806486     0.999999 -6.62804e-05
           0            0            0            1