0.069502
     0.99981   -0.0194777 -0.000170089   0.00120699
   0.0194777      0.99981  0.000375235  -0.00173416
 0.000162758 -0.000378436            1 -4.41074e-05
           0            0            0            1