0.24366
    0.999862   -0.0165884  0.000854254  -0.00427974
   0.0165891     0.999862 -0.000803707   0.00487371
-0.000840843  0.000817798     0.999999 -0.000208378
           0            0            0            1