0.153124
    0.999839   -0.0179705  0.000180408 -0.000770889
   0.0179706     0.999838 -0.000927383   0.00484844
-0.000163734  0.000930438            1  0.000129461
           0            0            0            1