0.102438
    0.999841   -0.0178385 -0.000475094   0.00321603
   0.0178375      0.99984  -0.00126883   0.00386882
 0.000497758   0.00126004     0.999999 -0.000247717
           0            0            0            1