0.0582852
    0.999846   -0.0175417 -0.000730187   0.00432684
   0.0175412     0.999846 -0.000754893   0.00381547
  0.00074333   0.00074175            1  2.55108e-05
           0            0            0            1