0.0425691
    0.999812   -0.0193958  -0.00011529   0.00107533
   0.0193957     0.999812 -0.000333652   0.00145609
 0.000121728  0.000331288            1  5.17368e-05
           0            0            0            1