0.0375939
    0.999842   -0.0178255 -0.000553742   0.00342119
   0.0178258     0.999841  0.000860021  -0.00398544
 0.000538349 -0.000869781            1 -1.93119e-05
           0            0            0            1