0.0419004
    0.999859   -0.0167519   0.00050775  -0.00419328
   0.0167515     0.999859  0.000844383  -0.00483935
-0.000521839 -0.000835713     0.999999 -9.82285e-05
           0            0            0            1