0.13335
    0.999859   -0.0168271  0.000453852  -0.00393554
   0.0168267     0.999858  0.000824681   -0.0048149
-0.000467643 -0.000816962            1 -8.13007e-05
           0            0            0            1